3.408408	3.288288	3.298298
3.398398	3.233233	3.228228
3.358358	3.203203	3.098098
3.323323	3.163163	3.003003
3.323323	3.163163	2.972973
3.358358	3.083083	2.967968
3.328328	3.123123	2.972973
3.428428	3.013013	3.298298
3.178178	3.163163	3.463463
3.008008	3.168168	3.233233
3.168168	3.013013	3.198198
3.148148	3.058058	3.113113
3.218218	3.013013	3.013013
3.273273	3.083083	3.263263
3.258258	3.178178	3.368368
3.263263	3.213213	3.313313
3.243243	3.058058	3.198198
3.138138	3.183183	3.178178
3.148148	3.053053	3.323323
3.093093	2.862863	3.428428
3.073073	2.867868	3.368368
3.093093	2.852853	3.058058
3.048048	2.787788	2.927928
3.013013	2.832833	2.887888
2.982983	2.862863	2.822823
2.987988	2.877878	2.822823
3.123123	2.822823	2.822823
3.313313	2.762763	2.827828
3.168168	2.787788	2.812813
3.073073	2.852853	2.812813
2.987988	2.872873	2.822823
3.053053	2.852853	2.847848
3.338338	2.787788	2.827828
3.248248	2.932933	2.812813
3.003003	3.018018	2.857858
3.018018	2.992993	2.912913
2.882883	2.992993	2.987988
2.902903	2.997998	3.073073
3.203203	2.992993	3.018018
3.228228	2.952953	3.018018
3.118118	2.962963	3.108108
3.123123	2.982983	3.248248
3.083083	2.992993	3.248248
3.123123	2.997998	3.213213
3.123123	3.018018	3.193193
3.198198	3.028028	3.213213
3.178178	3.038038	3.178178
3.158158	3.033033	3.143143
3.143143	3.033033	3.183183
3.163163	3.013013	3.183183
3.338338	3.028028	3.168168
3.418418	3.018018	3.213213
3.513514	3.018018	3.193193
3.418418	3.043043	3.198198
3.178178	2.997998	3.203203
3.143143	3.038038	3.168168
3.278278	3.053053	3.183183
3.328328	3.033033	3.163163
3.323323	3.033033	3.163163
3.323323	3.033033	3.183183
3.278278	3.033033	3.193193
3.358358	3.078078	3.183183
3.313313	3.048048	3.178178
3.203203	3.058058	3.163163
3.198198	3.073073	3.148148
3.328328	3.073073	3.163163
3.273273	3.013013	3.158158
3.218218	3.028028	3.193193
3.248248	3.028028	3.163163
3.213213	2.972973	3.163163
3.183183	2.987988	3.193193
3.313313	3.028028	3.183183
3.328328	3.013013	3.178178
3.278278	2.992993	3.163163
3.348348	3.038038	3.163163
3.323323	3.083083	3.093093
3.118118	3.093093	3.093093
3.033033	3.058058	3.143143
3.118118	3.063063	3.123123
3.118118	3.073073	3.093093
3.133133	3.018018	3.313313
3.138138	2.887888	3.213213
3.138138	2.922923	3.278278
3.063063	3.108108	3.313313
3.248248	3.018018	3.313313
3.148148	3.018018	3.348348
3.098098	3.033033	3.203203
3.138138	2.992993	3.198198
3.203203	2.987988	3.143143
3.263263	3.008008	3.243243
3.323323	3.013013	3.288288
3.133133	2.942943	3.163163
3.043043	3.133133	3.163163
3.013013	3.168168	3.273273
3.168168	3.163163	3.138138
3.148148	2.992993	3.328328
3.093093	3.038038	3.168168
3.133133	2.997998	3.233233
3.143143	3.123123	3.178178
3.408408	3.273273	3.183183
3.358358	3.183183	3.118118
3.348348	3.198198	3.118118
3.258258	3.213213	3.078078
3.338338	3.198198	2.972973
3.273273	3.093093	3.063063
3.278278	3.033033	3.008008
3.313313	3.058058	3.143143
3.228228	3.203203	3.138138
2.987988	3.178178	3.093093
3.203203	3.158158	3.288288
3.273273	3.043043	3.273273
3.408408	3.038038	3.123123
3.348348	3.073073	3.298298
3.273273	3.038038	3.438438
3.323323	3.098098	3.488488
3.233233	3.133133	3.453453
3.203203	3.183183	3.338338
3.183183	3.073073	3.358358
3.083083	2.857858	3.638639
3.083083	2.862863	3.603604
3.073073	2.852853	3.348348
3.003003	2.807808	2.912913
3.008008	2.842843	2.902903
3.033033	2.857858	2.862863
3.088088	2.862863	2.817818
3.213213	2.857858	2.817818
3.073073	2.812813	2.872873
3.053053	2.787788	2.852853
3.053053	2.797798	2.832833
3.053053	2.827828	2.862863
3.003003	2.857858	2.867868
2.937938	2.802803	2.862863
2.917918	2.872873	2.837838
2.897898	3.003003	2.862863
2.852853	2.977978	2.917918
2.912913	2.967968	2.892893
3.073073	2.992993	2.997998
3.088088	3.018018	3.063063
3.143143	3.008008	2.997998
3.138138	3.013013	3.113113
3.078078	3.038038	3.263263
3.093093	3.028028	3.233233
3.053053	3.008008	3.248248
3.043043	3.018018	3.233233
3.123123	3.018018	3.198198
3.163163	3.018018	3.183183
3.163163	3.003003	3.213213
3.198198	3.018018	3.218218
3.148148	3.038038	3.213213
3.168168	3.033033	3.163163
3.278278	3.058058	3.178178
3.218218	3.083083	3.163163
3.213213	3.063063	3.168168
3.273273	3.028028	3.213213
3.148148	3.043043	3.168168
3.098098	3.053053	3.178178
3.273273	3.033033	3.168168
3.388388	3.033033	3.143143
3.358358	3.053053	3.158158
3.303303	3.053053	3.168168
3.258258	3.073073	3.178178
3.298298	3.058058	3.178178
3.378378	3.053053	3.168168
3.248248	3.058058	3.163163
3.228228	3.038038	3.168168
3.258258	3.033033	3.193193
3.338338	3.043043	3.148148
3.278278	3.058058	3.168168
3.183183	3.048048	3.148148
3.148148	3.008008	3.138138
3.143143	3.008008	3.148148
3.148148	3.008008	3.193193
3.263263	3.028028	3.143143
3.338338	3.038038	3.123123
3.258258	3.088088	3.143143
3.098098	3.083083	3.148148
3.078078	3.053053	3.148148
3.143143	3.048048	3.168168
3.198198	3.063063	3.378378
3.083083	2.997998	3.178178
3.163163	2.932933	3.388388
3.168168	2.932933	3.358358
3.143143	3.063063	3.178178
3.163163	3.008008	3.303303
3.088088	2.972973	3.323323
3.018018	2.932933	3.303303
3.098098	2.927928	3.213213
3.113113	2.962963	3.108108
3.133133	2.997998	3.098098
3.298298	3.038038	3.143143
3.288288	3.008008	3.138138
3.158158	3.058058	3.213213
3.118118	3.158158	3.258258
3.228228	3.078078	3.303303
3.098098	3.038038	3.243243
3.163163	3.113113	3.093093
3.088088	3.113113	3.143143
3.108108	3.093093	3.168168
3.298298	3.233233	3.243243
3.338338	3.213213	3.168168
3.288288	3.183183	3.078078
3.278278	3.243243	3.228228
3.298298	3.198198	3.248248
3.313313	3.043043	3.008008
3.263263	2.952953	3.063063
3.258258	3.098098	3.048048
3.203203	3.168168	3.028028
3.078078	3.248248	3.073073
3.138138	3.203203	3.358358
3.368368	3.168168	3.638639
3.368368	3.168168	3.278278
3.218218	3.088088	3.193193
3.233233	3.053053	3.233233
3.148148	3.088088	3.233233
3.113113	3.193193	3.273273
3.123123	3.148148	3.328328
3.113113	2.992993	3.418418
3.078078	2.892893	3.603604
3.123123	2.822823	3.778779
3.093093	2.857858	3.573574
3.003003	2.772773	3.133133
2.987988	2.822823	2.877878
2.997998	2.802803	2.947948
2.967968	2.847848	2.867868
2.937938	2.867868	2.857858
3.033033	2.857858	2.862863
3.083083	2.807808	2.852853
2.992993	2.787788	2.837838
2.992993	2.797798	2.862863
2.997998	2.857858	2.912913
2.947948	2.847848	2.927928
2.957958	2.882883	2.862863
3.013013	3.003003	2.912913
3.043043	2.977978	3.048048
3.043043	2.967968	2.937938
2.977978	3.038038	2.887888
3.038038	3.013013	3.028028
3.048048	2.992993	3.093093
3.038038	3.033033	3.143143
3.058058	3.048048	3.203203
3.073073	3.028028	3.218218
3.113113	3.018018	3.258258
2.922923	3.008008	3.228228
2.892893	2.997998	3.243243
3.098098	3.013013	3.143143
3.168168	3.003003	3.113113
3.183183	3.018018	3.183183
3.193193	3.048048	3.193193
3.183183	3.048048	3.143143
3.193193	3.083083	3.148148
3.178178	3.093093	3.203203
3.218218	3.053053	3.183183
3.338338	3.043043	3.198198
3.418418	3.028028	3.198198
3.218218	3.053053	3.178178
3.163163	3.058058	3.138138
3.278278	3.053053	3.143143
3.338338	3.063063	3.203203
3.388388	3.063063	3.178178
3.528529	3.043043	3.193193
3.378378	3.033033	3.203203
3.428428	3.043043	3.198198
3.588589	3.048048	3.198198
3.323323	2.997998	3.168168
3.228228	3.038038	3.203203
3.463463	3.053053	3.193193
3.303303	3.078078	3.183183
3.228228	3.063063	3.168168
3.218218	3.018018	3.168168
3.133133	3.018018	3.148148
3.123123	3.008008	3.123123
3.148148	3.028028	3.123123
3.108108	3.043043	3.138138
3.108108	3.053053	3.178178
3.133133	3.048048	3.163163
3.088088	3.063063	3.193193
3.003003	3.058058	3.193193
2.977978	3.028028	3.328328
3.143143	3.043043	3.248248
3.038038	2.972973	3.348348
3.083083	3.038038	3.463463
3.088088	2.987988	3.358358
3.098098	2.962963	3.378378
3.088088	2.997998	3.438438
3.053053	2.927928	3.358358
3.148148	3.018018	3.358358
3.158158	3.098098	3.198198
3.143143	3.053053	3.078078
3.263263	2.987988	3.053053
3.228228	3.093093	3.098098
3.243243	3.118118	3.143143
3.148148	3.093093	3.183183
3.233233	3.058058	3.463463
3.073073	2.997998	3.348348
3.053053	3.073073	3.178178
3.113113	3.233233	3.263263
3.098098	3.078078	3.118118
3.323323	3.263263	3.298298
3.288288	3.243243	3.323323
3.248248	3.233233	3.158158
3.543544	3.203203	3.118118
3.258258	3.183183	3.178178
3.303303	3.073073	3.228228
3.243243	3.083083	3.003003
3.243243	3.048048	3.088088
3.213213	3.148148	3.088088
3.158158	3.073073	3.158158
3.138138	2.907908	3.163163
3.248248	3.118118	3.158158
3.348348	3.243243	3.228228
3.198198	3.178178	3.218218
3.063063	3.108108	3.243243
3.083083	3.123123	3.338338
3.108108	3.203203	3.243243
3.158158	3.078078	3.258258
3.098098	2.952953	3.168168
3.058058	2.877878	3.378378
3.033033	2.812813	3.113113
3.063063	2.867868	3.463463
3.013013	2.762763	3.638639
2.982983	2.772773	3.133133
2.917918	2.762763	2.962963
2.952953	2.827828	3.008008
2.952953	2.877878	2.902903
2.912913	2.837838	2.832833
2.987988	2.772773	2.817818
3.038038	2.797798	2.812813
3.028028	2.847848	2.842843
3.058058	2.892893	2.867868
3.043043	2.847848	2.882883
2.972973	2.877878	2.902903
3.038038	2.997998	2.902903
3.098098	3.038038	2.957958
3.158158	3.038038	2.982983
3.118118	3.043043	2.972973
2.947948	2.972973	2.917918
3.013013	2.942943	3.078078
3.043043	3.048048	3.193193
3.073073	3.033033	3.258258
3.008008	3.003003	3.233233
2.962963	3.018018	3.203203
2.997998	3.018018	3.198198
3.078078	3.013013	3.203203
3.213213	3.048048	3.138138
3.263263	3.053053	3.138138
3.158158	3.038038	3.168168
3.078078	3.063063	3.178178
3.148148	3.083083	3.163163
3.178178	3.078078	3.178178
3.168168	3.058058	3.183183
3.233233	3.043043	3.193193
3.273273	3.053053	3.218218
3.298298	3.063063	3.178178
3.218218	3.078078	3.113113
3.228228	3.073073	3.093093
3.288288	3.058058	3.168168
3.168168	3.033033	3.213213
3.178178	3.048048	3.193193
3.348348	3.083083	3.083083
3.298298	3.078078	3.083083
3.273273	3.048048	3.183183
3.408408	3.063063	3.228228
3.298298	3.078078	3.163163
3.213213	3.063063	3.148148
3.288288	3.053053	3.183183
3.093093	3.048048	3.158158
3.028028	3.053053	3.193193
3.148148	3.018018	3.178178
3.088088	3.053053	3.163163
3.113113	3.048048	3.178178
3.078078	3.038038	3.148148
3.093093	3.048048	3.168168
3.088088	3.038038	3.193193
3.053053	3.043043	3.178178
3.018018	3.073073	3.228228
3.113113	3.033033	3.248248
3.088088	3.028028	3.148148
3.133133	3.038038	3.198198
3.043043	3.033033	3.048048
3.123123	3.038038	3.573574
3.078078	2.967968	3.368368
3.098098	2.972973	3.273273
3.148148	2.982983	3.163163
3.183183	3.038038	3.278278
3.063063	3.123123	3.248248
3.053053	3.158158	3.013013
3.098098	3.138138	3.088088
3.143143	3.048048	3.048048
3.138138	3.053053	3.038038
3.093093	3.123123	3.028028
3.088088	3.078078	3.148148
3.073073	2.997998	3.303303
3.133133	2.977978	3.348348
3.193193	3.003003	3.258258
3.168168	3.113113	3.438438
3.148148	3.108108	3.313313
3.388388	3.273273	3.298298
3.288288	3.213213	3.213213
3.148148	3.248248	3.193193
3.398398	3.168168	3.073073
3.273273	3.183183	3.108108
3.198198	3.078078	3.358358
3.228228	3.198198	2.977978
3.243243	3.218218	2.967968
3.178178	3.078078	3.113113
3.148148	2.917918	3.053053
3.108108	2.902903	2.967968
3.178178	3.063063	3.013013
3.168168	3.113113	3.113113
3.148148	3.133133	3.083083
3.158158	3.198198	3.078078
3.108108	3.138138	3.218218
3.083083	3.093093	3.163163
3.133133	3.048048	3.248248
3.078078	2.962963	3.078078
3.033033	2.872873	3.193193
3.008008	2.847848	3.213213
3.008008	2.837838	3.368368
3.018018	2.777778	3.528529
3.043043	2.772773	3.623624
2.977978	2.792793	3.118118
2.987988	2.862863	2.937938
2.987988	2.902903	3.003003
2.977978	2.847848	2.947948
2.977978	2.787788	2.892893
2.997998	2.802803	2.892893
3.038038	2.927928	2.867868
3.108108	2.982983	2.862863
3.163163	2.857858	2.887888
3.073073	2.857858	2.862863
3.028028	2.992993	2.832833
3.018018	3.028028	2.882883
2.937938	3.053053	2.967968
3.063063	3.018018	2.977978
3.028028	3.028028	2.977978
3.033033	3.033033	3.028028
3.043043	3.058058	3.113113
3.063063	3.008008	3.213213
3.063063	3.008008	3.243243
3.108108	3.018018	3.218218
3.108108	3.058058	3.228228
3.043043	3.073073	3.218218
3.018018	3.053053	3.143143
3.083083	3.043043	3.138138
3.108108	3.043043	3.213213
3.093093	3.053053	3.243243
3.258258	3.093093	3.183183
3.303303	3.098098	3.183183
3.158158	3.053053	3.218218
3.148148	3.033033	3.243243
3.273273	3.048048	3.228228
3.298298	3.078078	3.203203
3.213213	3.073073	3.168168
3.198198	3.063063	3.123123
3.288288	3.078078	3.148148
3.303303	3.058058	3.168168
3.258258	3.063063	3.108108
3.408408	3.088088	3.078078
3.428428	3.073073	3.118118
3.388388	3.073073	3.073073
3.323323	3.083083	3.118118
3.263263	3.063063	3.178178
3.198198	3.053053	3.183183
3.278278	3.058058	3.138138
3.193193	3.018018	3.168168
3.043043	3.063063	3.163163
3.143143	3.048048	3.163163
3.428428	3.063063	3.233233
3.488488	3.073073	3.213213
3.138138	3.053053	3.168168
2.997998	3.063063	3.118118
3.073073	3.073073	3.138138
3.088088	3.063063	3.203203
3.093093	3.048048	3.213213
3.088088	3.028028	3.513514
3.048048	3.043043	3.358358
3.058058	3.028028	3.168168
3.098098	3.033033	3.243243
3.118118	3.018018	3.573574
3.148148	2.957958	3.513514
3.138138	2.962963	3.218218
3.123123	2.907908	3.258258
3.168168	3.003003	3.263263
3.073073	3.043043	3.148148
2.992993	3.138138	2.972973
3.123123	3.178178	3.033033
3.243243	3.088088	3.033033
3.193193	3.118118	3.053053
3.118118	3.243243	3.158158
3.093093	3.168168	3.278278
3.098098	3.008008	3.148148
3.113113	2.977978	3.328328
3.143143	3.093093	3.323323
3.163163	3.003003	3.358358
3.078078	3.053053	3.453453
3.498498	3.258258	3.313313
3.453453	3.228228	3.358358
3.248248	3.218218	3.193193
3.233233	3.198198	3.233233
3.193193	3.233233	3.258258
3.203203	3.123123	3.258258
3.228228	3.063063	2.987988
3.218218	3.228228	2.887888
3.213213	3.048048	3.098098
3.158158	3.048048	3.008008
3.163163	3.198198	2.957958
3.143143	3.258258	3.028028
3.163163	3.178178	3.063063
3.183183	3.053053	3.048048
3.143143	3.093093	3.113113
3.093093	3.078078	3.183183
3.108108	2.972973	3.168168
3.138138	2.947948	3.178178
3.093093	2.897898	3.378378
3.043043	2.877878	3.083083
3.043043	2.827828	3.338338
3.028028	2.777778	3.248248
3.038038	2.792793	3.528529
3.038038	2.762763	3.753754
3.028028	2.792793	3.528529
3.033033	2.862863	3.088088
3.038038	2.882883	2.937938
3.018018	2.827828	2.957958
3.048048	2.842843	2.937938
3.033033	2.817818	2.987988
3.013013	2.882883	2.927928
3.053053	2.987988	2.822823
3.093093	2.887888	2.837838
3.083083	2.902903	2.822823
3.078078	3.043043	2.782783
3.008008	2.962963	2.892893
2.937938	3.008008	3.038038
3.008008	3.008008	2.927928
3.063063	3.043043	2.972973
3.048048	3.048048	3.033033
3.063063	3.008008	3.098098
3.053053	2.982983	3.183183
3.058058	3.003003	3.233233
3.088088	3.018018	3.183183
3.073073	3.053053	3.183183
3.053053	3.073073	3.248248
3.088088	3.028028	3.243243
3.073073	3.008008	3.178178
3.108108	3.058058	3.193193
3.168168	3.088088	3.148148
3.193193	3.078078	3.133133
3.233233	3.113113	3.193193
3.113113	3.038038	3.213213
3.108108	3.008008	3.233233
3.143143	3.063063	3.248248
3.143143	3.078078	3.243243
3.143143	3.078078	3.178178
3.118118	3.058058	3.148148
3.053053	3.083083	3.148148
3.078078	3.093093	3.178178
3.148148	3.083083	3.143143
3.228228	3.083083	3.118118
3.323323	3.058058	3.078078
3.248248	3.108108	3.058058
3.118118	3.118118	3.078078
3.133133	3.033033	3.143143
3.123123	3.058058	3.193193
3.038038	3.088088	3.148148
3.158158	3.033033	3.158158
3.258258	3.063063	3.183183
3.303303	3.083083	3.163163
3.488488	3.058058	3.193193
3.573574	3.063063	3.193193
3.303303	3.048048	3.168168
3.138138	3.073073	3.183183
3.138138	3.073073	3.228228
3.143143	3.073073	3.133133
3.123123	3.038038	3.313313
3.118118	3.058058	3.723724
3.088088	3.018018	3.528529
3.198198	3.028028	3.368368
3.113113	3.038038	3.428428
3.018018	3.058058	3.098098
3.123123	2.997998	3.273273
3.118118	2.882883	3.243243
3.083083	2.957958	3.463463
3.203203	3.008008	3.313313
3.178178	3.008008	3.138138
3.158158	3.093093	3.213213
3.178178	3.163163	3.158158
3.178178	3.113113	3.093093
3.178178	3.183183	3.113113
3.108108	3.273273	3.303303
3.108108	3.158158	3.168168
3.143143	3.063063	3.263263
3.113113	3.073073	3.203203
3.138138	3.033033	3.388388
3.148148	3.073073	3.213213
3.038038	3.018018	3.078078
3.428428	3.168168	3.323323
3.438438	3.243243	3.313313
3.473473	3.273273	3.303303
3.368368	3.233233	3.278278
3.203203	3.123123	3.218218
3.273273	3.093093	3.078078
3.408408	3.058058	2.892893
3.248248	3.083083	2.992993
3.183183	3.028028	2.982983
3.198198	3.248248	3.018018
3.198198	3.388388	2.962963
3.123123	3.243243	3.038038
3.143143	3.288288	3.118118
3.183183	3.158158	3.113113
3.148148	3.113113	3.063063
3.108108	2.987988	3.028028
3.113113	2.927928	3.113113
3.138138	2.892893	3.133133
3.093093	2.917918	3.408408
3.083083	2.907908	3.408408
3.133133	2.787788	3.313313
3.083083	2.762763	3.473473
3.033033	2.737738	3.418418
3.033033	2.717718	3.573574
3.058058	2.752753	3.753754
3.058058	2.822823	3.498498
2.972973	2.887888	3.043043
2.967968	2.897898	2.897898
3.003003	2.947948	3.008008
3.033033	2.862863	2.907908
3.048048	2.852853	2.862863
3.053053	2.922923	2.917918
3.063063	2.927928	2.862863
3.058058	2.947948	2.822823
3.133133	3.058058	2.807808
3.063063	3.008008	2.822823
2.997998	2.987988	2.932933
3.088088	2.992993	3.048048
3.078078	2.997998	2.957958
3.043043	3.003003	3.008008
3.053053	2.982983	3.123123
3.053053	2.972973	3.168168
3.038038	2.972973	3.213213
3.063063	2.997998	3.198198
3.053053	3.008008	3.218218
3.033033	3.008008	3.243243
3.033033	3.038038	3.243243
3.003003	3.053053	3.183183
3.093093	3.053053	3.178178
3.053053	3.083083	3.198198
3.073073	3.093093	3.228228
3.133133	3.118118	3.178178
3.058058	3.053053	3.123123
3.203203	3.043043	3.163163
3.243243	3.093093	3.233233
3.168168	3.098098	3.258258
3.148148	3.098098	3.213213
3.093093	3.078078	3.178178
3.098098	3.098098	3.183183
3.243243	3.108108	3.193193
3.273273	3.098098	3.093093
3.123123	3.113113	3.098098
3.158158	3.138138	3.003003
3.243243	3.118118	3.038038
3.183183	3.098098	3.113113
3.198198	3.063063	3.083083
3.148148	3.078078	3.138138
3.123123	3.063063	3.178178
3.183183	3.058058	3.183183
3.158158	3.063063	3.163163
3.258258	3.078078	3.163163
3.213213	3.058058	3.193193
3.273273	3.058058	3.183183
3.243243	3.073073	3.198198
3.193193	3.058058	3.163163
3.168168	3.063063	3.273273
3.108108	3.063063	3.463463
3.098098	3.048048	3.778779
3.118118	3.078078	3.778779
3.133133	3.038038	3.703704
3.048048	3.028028	3.658659
3.018018	3.038038	3.703704
3.048048	3.088088	3.418418
3.148148	3.028028	3.033033
3.163163	2.917918	3.258258
3.218218	3.028028	3.463463
3.198198	3.073073	3.273273
3.233233	3.018018	3.213213
3.278278	3.053053	3.213213
3.263263	3.183183	3.163163
3.213213	3.328328	3.203203
3.178178	3.263263	3.198198
3.123123	3.123123	3.168168
3.198198	3.058058	3.108108
3.218218	3.093093	3.213213
3.138138	3.243243	3.273273
3.138138	3.008008	3.193193
3.193193	3.083083	3.488488
3.083083	2.997998	3.258258
3.428428	3.138138	3.233233
3.368368	3.163163	3.148148
3.398398	3.298298	3.148148
3.298298	3.218218	3.248248
3.258258	3.073073	3.218218
3.243243	3.093093	3.098098
3.368368	3.098098	2.932933
3.203203	3.148148	3.003003
3.123123	3.123123	3.028028
3.143143	3.113113	3.013013
3.178178	3.178178	3.003003
3.158158	3.213213	3.028028
3.148148	3.398398	3.113113
3.163163	3.233233	3.158158
3.183183	3.328328	3.058058
3.138138	3.233233	2.987988
3.093093	3.108108	3.073073
3.133133	2.992993	3.213213
3.098098	3.013013	3.078078
3.083083	2.937938	3.313313
3.138138	2.802803	3.183183
3.093093	2.792793	3.198198
3.078078	2.737738	3.218218
3.013013	2.747748	3.378378
3.038038	2.752753	3.678679
3.048048	2.822823	3.678679
3.018018	2.892893	3.453453
2.987988	2.957958	3.078078
3.008008	2.942943	2.937938
3.003003	2.892893	2.902903
3.053053	2.932933	2.892893
3.138138	2.937938	2.917918
3.098098	2.902903	2.897898
3.043043	2.917918	2.852853
3.088088	2.972973	2.857858
3.063063	3.053053	2.847848
3.028028	3.028028	2.932933
3.113113	3.028028	3.028028
3.058058	2.997998	2.997998
3.038038	3.003003	2.992993
3.063063	3.028028	3.078078
3.078078	3.013013	3.138138
3.063063	2.972973	3.183183
3.148148	3.003003	3.203203
3.078078	3.033033	3.183183
2.952953	3.028028	3.183183
3.028028	3.048048	3.178178
3.008008	3.043043	3.193193
2.992993	2.987988	3.183183
3.008008	3.043043	3.228228
3.008008	3.093093	3.243243
3.038038	3.098098	3.193193
3.013013	3.078078	3.123123
3.248248	3.078078	3.143143
3.338338	3.108108	3.233233
3.123123	3.088088	3.233233
3.043043	3.028028	3.233233
3.078078	3.058058	3.213213
3.213213	3.083083	3.203203
3.298298	3.078078	3.168168
3.258258	3.123123	3.073073
3.148148	3.148148	3.058058
3.143143	3.148148	3.063063
3.088088	3.088088	3.078078
3.138138	3.043043	3.113113
3.138138	3.083083	3.058058
3.148148	3.118118	3.083083
3.228228	3.078078	3.183183
3.138138	3.058058	3.113113
3.228228	3.073073	3.078078
3.193193	3.088088	3.168168
3.138138	3.078078	3.218218
3.248248	3.073073	3.213213
3.228228	3.083083	3.323323
3.113113	3.063063	3.368368
3.013013	3.058058	3.453453
2.997998	3.063063	3.678679
3.118118	3.063063	3.603604
3.118118	3.063063	3.678679
3.093093	3.078078	3.623624
3.008008	3.043043	3.428428
3.073073	3.053053	3.158158
3.098098	3.078078	3.573574
3.183183	3.043043	3.378378
3.183183	3.013013	3.463463
3.248248	3.048048	3.178178
3.133133	2.997998	3.193193
3.133133	3.073073	3.138138
3.203203	3.098098	3.088088
3.193193	3.113113	3.088088
3.158158	3.228228	3.163163
3.203203	3.233233	3.203203
3.193193	3.193193	3.143143
3.148148	3.143143	3.213213
3.198198	3.248248	3.178178
3.123123	3.378378	3.243243
3.078078	3.258258	3.198198
3.118118	3.078078	3.408408
3.078078	3.033033	3.358358
3.463463	3.313313	3.338338
3.463463	3.198198	3.243243
3.398398	3.148148	3.113113
3.358358	3.073073	3.218218
3.218218	3.198198	3.163163
3.198198	3.358358	3.118118
3.298298	3.123123	2.947948
3.038038	3.083083	3.043043
2.972973	3.198198	3.133133
2.997998	3.183183	3.033033
3.108108	3.168168	3.013013
3.163163	3.088088	2.992993
3.133133	3.053053	3.053053
3.088088	3.028028	3.083083
3.123123	3.043043	3.163163
3.138138	3.158158	3.158158
3.108108	3.093093	3.138138
3.113113	3.013013	3.163163
3.113113	2.952953	3.158158
3.048048	2.912913	3.358358
2.987988	2.817818	3.313313
3.078078	2.807808	3.138138
3.063063	2.827828	3.258258
3.048048	2.787788	3.183183
3.008008	2.762763	3.543544
3.003003	2.822823	3.808809
3.053053	2.927928	3.723724
3.038038	2.907908	3.498498
3.018018	2.902903	3.158158
3.043043	2.917918	2.987988
3.053053	2.972973	2.932933
3.138138	2.907908	2.887888
3.098098	2.862863	2.927928
3.083083	2.887888	2.912913
3.048048	2.892893	2.862863
2.962963	3.073073	2.882883
3.013013	3.048048	3.043043
3.038038	3.063063	3.018018
3.063063	3.038038	2.957958
3.098098	3.053053	2.957958
3.078078	3.048048	3.083083
3.203203	3.038038	3.198198
3.203203	3.043043	3.168168
3.258258	3.033033	3.163163
3.193193	3.033033	3.178178
3.063063	3.053053	3.178178
3.143143	3.038038	3.163163
3.123123	2.992993	3.138138
3.118118	2.997998	3.143143
3.203203	3.048048	3.198198
3.073073	3.093093	3.183183
3.078078	3.053053	3.143143
3.073073	3.033033	3.178178
3.088088	3.018018	3.213213
3.113113	3.073073	3.198198
3.013013	3.098098	3.228228
3.003003	3.008008	3.203203
3.143143	3.058058	3.198198
3.133133	3.093093	3.218218
3.098098	3.088088	3.148148
3.213213	3.138138	3.083083
3.168168	3.148148	3.063063
3.163163	3.118118	3.113113
2.932933	3.113113	3.038038
2.947948	3.083083	3.053053
3.163163	3.078078	3.053053
3.288288	3.108108	3.098098
3.273273	3.113113	3.218218
3.118118	3.078078	3.168168
3.158158	3.073073	3.133133
3.118118	3.088088	3.203203
3.133133	3.078078	3.273273
3.143143	3.078078	3.378378
3.123123	3.063063	3.428428
3.093093	3.048048	3.528529
3.078078	3.088088	3.678679
3.108108	3.088088	3.778779
3.213213	3.063063	3.063063
3.198198	3.053053	3.248248
3.133133	3.058058	3.178178
3.008008	3.038038	3.203203
3.118118	3.043043	3.198198
3.108108	3.053053	3.193193
3.118118	3.018018	3.228228
3.228228	2.987988	3.378378
3.168168	3.053053	3.123123
3.133133	2.962963	3.218218
3.083083	3.028028	3.203203
3.113113	3.008008	3.248248
3.193193	3.028028	3.158158
3.213213	3.178178	3.088088
3.228228	3.053053	3.158158
3.123123	3.138138	3.243243
3.083083	3.003003	3.263263
3.198198	3.213213	3.243243
3.198198	3.168168	3.243243
3.118118	3.328328	3.203203
3.098098	3.088088	3.218218
3.073073	3.118118	3.313313
3.398398	3.228228	3.323323
3.488488	3.178178	3.133133
3.418418	3.108108	3.143143
3.398398	3.038038	3.233233
3.453453	3.163163	3.123123
3.368368	3.213213	3.133133
3.388388	3.013013	2.922923
3.078078	3.013013	3.078078
2.942943	3.008008	3.113113
2.972973	3.388388	3.028028
3.193193	3.378378	3.038038
3.178178	3.113113	3.058058
3.108108	3.048048	3.018018
3.083083	3.053053	3.038038
3.108108	2.992993	3.133133
3.118118	2.977978	3.148148
3.148148	2.942943	3.133133
3.123123	2.967968	3.463463
3.133133	2.877878	3.543544
3.108108	2.837838	3.418418
3.048048	2.852853	3.243243
3.063063	2.837838	3.303303
3.008008	2.862863	3.228228
3.003003	2.792793	3.133133
3.053053	2.737738	3.528529
3.038038	2.792793	3.573574
3.018018	2.922923	3.658659
3.028028	2.967968	3.703704
3.058058	2.952953	3.603604
3.098098	2.937938	3.278278
3.028028	2.912913	3.048048
3.008008	2.882883	2.927928
3.053053	2.887888	2.967968
3.088088	2.897898	2.952953
3.018018	2.902903	2.867868
2.962963	3.033033	2.917918
3.133133	3.008008	2.952953
3.168168	3.043043	2.942943
3.118118	3.058058	2.972973
3.243243	3.063063	3.003003
3.093093	3.008008	3.088088
3.213213	3.018018	3.183183
3.288288	3.063063	3.183183
3.178178	3.043043	3.228228
3.203203	3.028028	3.218218
3.158158	3.033033	3.193193
3.033033	3.033033	3.163163
3.063063	3.003003	3.148148
3.108108	3.028028	3.158158
3.048048	2.987988	3.178178
2.997998	3.043043	3.213213
3.273273	2.902903	3.163163
3.358358	2.932933	3.163163
3.033033	3.038038	3.233233
3.008008	3.003003	3.198198
3.098098	3.088088	3.203203
3.133133	3.108108	3.218218
3.093093	3.138138	3.228228
3.003003	3.148148	3.228228
3.093093	3.118118	3.178178
3.193193	3.138138	3.138138
3.038038	3.148148	3.098098
3.083083	3.158158	3.133133
3.108108	3.158158	3.088088
2.992993	3.143143	3.093093
3.098098	3.123123	3.083083
3.228228	3.088088	3.113113
3.233233	3.133133	3.243243
3.083083	3.123123	3.218218
3.073073	3.088088	3.193193
3.093093	3.038038	3.248248
3.083083	3.058058	3.378378
3.028028	3.088088	3.528529
3.108108	3.088088	3.498498
3.168168	3.083083	3.623624
3.148148	3.118118	3.473473
3.108108	3.093093	3.573574
3.063063	3.073073	3.258258
3.048048	3.053053	3.163163
3.118118	3.053053	3.123123
3.108108	3.063063	3.313313
3.053053	3.028028	3.028028
3.058058	3.078078	3.168168
3.158158	3.043043	3.118118
3.193193	2.977978	3.113113
3.118118	2.992993	3.138138
3.233233	2.952953	3.193193
3.108108	2.947948	3.203203
3.083083	2.932933	3.228228
3.138138	3.033033	3.233233
3.133133	3.143143	3.213213
3.133133	3.033033	3.158158
3.083083	2.997998	3.198198
3.143143	3.048048	3.243243
3.133133	3.138138	3.218218
3.168168	3.048048	3.328328
3.123123	3.143143	3.298298
3.163163	3.093093	3.298298
3.193193	2.987988	3.338338
3.368368	3.108108	3.133133
3.348348	3.113113	3.108108
3.398398	3.158158	3.213213
3.453453	3.143143	3.273273
3.703704	2.932933	3.143143
3.313313	2.967968	3.198198
3.368368	2.982983	2.947948
3.203203	3.043043	2.887888
2.952953	3.158158	2.912913
3.018018	3.098098	2.982983
3.203203	3.143143	2.972973
3.163163	3.113113	3.033033
3.078078	3.073073	3.033033
3.098098	3.088088	3.063063
3.113113	3.073073	3.093093
3.058058	3.018018	3.098098
3.108108	2.932933	3.088088
3.158158	2.942943	3.323323
3.168168	2.917918	3.213213
3.133133	2.857858	3.133133
3.198198	2.872873	3.408408
3.133133	2.857858	3.273273
3.013013	2.842843	3.408408
3.043043	2.817818	3.303303
3.093093	2.717718	3.323323
3.063063	2.772773	3.398398
3.043043	2.892893	3.623624
3.048048	3.013013	3.623624
3.043043	2.962963	3.638639
3.078078	2.897898	3.623624
3.028028	2.912913	3.453453
2.977978	2.907908	3.198198
3.063063	2.892893	3.078078
3.048048	2.927928	2.972973
3.003003	2.942943	2.917918
2.962963	3.018018	2.927928
3.078078	3.033033	2.902903
3.288288	3.073073	2.892893
3.203203	3.043043	2.967968
3.158158	3.063063	3.008008
3.033033	3.048048	3.043043
3.018018	3.043043	3.133133
3.088088	3.053053	3.178178
3.033033	3.038038	3.213213
3.083083	3.013013	3.243243
3.183183	3.053053	3.228228
3.298298	3.043043	3.183183
3.198198	2.992993	3.193193
2.977978	2.902903	3.178178
2.922923	2.812813	3.203203
2.992993	2.882883	3.218218
3.198198	2.852853	3.163163
3.258258	2.862863	3.178178
3.078078	2.987988	3.233233
3.058058	3.028028	3.228228
3.108108	3.038038	3.203203
3.038038	3.083083	3.228228
2.992993	3.123123	3.243243
3.043043	3.133133	3.243243
3.088088	3.113113	3.228228
3.093093	3.118118	3.178178
3.028028	3.138138	3.158158
3.078078	3.168168	3.158158
3.118118	3.133133	3.168168
3.083083	3.148148	3.158158
2.952953	3.143143	3.148148
2.962963	3.133133	3.198198
3.003003	3.113113	3.233233
3.073073	3.053053	3.198198
3.028028	3.073073	3.303303
3.043043	3.083083	3.428428
3.123123	3.078078	3.573574
3.203203	3.083083	3.603604
3.108108	3.093093	3.408408
3.073073	3.078078	3.348348
3.098098	3.073073	3.243243
3.143143	3.098098	3.243243
3.093093	3.078078	3.298298
3.053053	3.088088	3.358358
3.198198	3.083083	3.218218
3.133133	3.078078	3.313313
3.113113	3.058058	2.997998
3.093093	3.088088	3.158158
3.053053	3.093093	3.183183
3.158158	3.033033	3.113113
3.183183	2.987988	3.163163
3.258258	2.957958	3.118118
3.213213	2.952953	3.193193
3.133133	3.063063	3.193193
3.183183	3.148148	3.163163
3.218218	3.143143	3.243243
3.138138	3.093093	3.198198
3.093093	3.038038	3.133133
3.108108	3.213213	3.263263
3.088088	3.158158	3.263263
3.163163	3.263263	3.258258
3.148148	3.088088	3.248248
3.138138	3.133133	3.273273
3.388388	2.917918	3.233233
3.378378	3.148148	3.213213
3.388388	3.203203	3.243243
3.398398	3.158158	3.123123
3.438438	3.003003	3.213213
3.408408	3.063063	3.198198
3.313313	3.063063	3.243243
3.348348	3.138138	3.053053
3.273273	3.078078	2.837838
3.098098	3.418418	2.957958
3.138138	3.073073	2.992993
3.278278	3.033033	3.028028
3.243243	2.992993	3.043043
3.143143	2.912913	3.033033
3.138138	2.972973	3.058058
3.133133	3.058058	3.053053
3.138138	2.992993	3.028028
3.198198	2.902903	3.048048
3.158158	2.877878	3.043043
3.123123	2.902903	3.028028
3.108108	2.922923	3.143143
3.018018	2.957958	3.338338
3.038038	2.922923	3.213213
3.078078	2.867868	3.358358
3.118118	2.822823	3.368368
3.118118	2.727728	3.273273
3.073073	2.767768	3.358358
3.058058	2.877878	3.543544
3.058058	2.977978	3.638639
3.018018	2.947948	3.553554
3.073073	2.872873	3.678679
2.997998	2.867868	3.753754
2.892893	2.962963	3.543544
3.013013	2.957958	3.358358
3.028028	2.867868	3.123123
3.078078	2.927928	2.932933
3.133133	3.078078	2.877878
3.028028	3.078078	2.892893
3.108108	3.053053	2.892893
3.183183	3.043043	2.917918
3.143143	3.053053	2.977978
3.063063	3.073073	3.038038
3.018018	3.078078	3.143143
3.053053	3.038038	3.168168
3.108108	2.997998	3.178178
3.263263	2.987988	3.218218
3.248248	2.972973	3.203203
3.248248	2.912913	3.158158
3.228228	2.877878	3.163163
3.083083	2.852853	3.198198
3.008008	2.852853	3.193193
3.273273	2.837838	3.183183
3.528529	2.882883	3.213213
3.163163	2.852853	3.203203
3.063063	2.852853	3.228228
3.108108	3.053053	3.178178
3.193193	3.138138	3.178178
3.038038	3.083083	3.243243
2.957958	3.083083	3.243243
3.008008	3.113113	3.218218
2.987988	3.143143	3.213213
3.018018	3.143143	3.203203
3.013013	3.158158	3.178178
3.038038	3.133133	3.178178
3.083083	3.123123	3.198198
3.108108	3.113113	3.218218
2.972973	3.133133	3.203203
3.033033	3.148148	3.193193
3.123123	3.108108	3.263263
3.108108	3.058058	3.323323
3.048048	3.108108	3.543544
3.088088	3.118118	3.623624
3.078078	3.093093	3.658659
3.143143	3.083083	3.623624
3.108108	3.063063	3.428428
3.123123	3.058058	3.248248
3.123123	3.063063	3.158158
3.098098	3.113113	3.123123
3.143143	3.073073	3.213213
3.138138	3.083083	3.473473
3.058058	3.093093	3.338338
3.018018	3.083083	3.248248
3.078078	3.063063	3.263263
3.093093	3.063063	3.233233
3.008008	3.093093	3.263263
3.063063	3.078078	3.183183
3.168168	2.982983	3.148148
3.133133	2.987988	3.118118
3.178178	3.018018	3.198198
3.158158	3.083083	3.288288
3.143143	3.138138	3.228228
3.163163	3.028028	3.303303
3.088088	2.997998	3.258258
3.048048	3.073073	3.163163
3.133133	3.168168	3.228228
3.088088	3.033033	3.148148
3.038038	3.088088	3.198198
3.098098	3.018018	3.148148
3.088088	3.358358	3.213213
3.088088	3.298298	3.243243
3.398398	3.143143	3.183183
3.428428	3.193193	3.218218
3.428428	3.228228	3.033033
3.388388	3.058058	3.108108
3.418418	3.573574	3.183183
3.378378	3.028028	3.148148
3.438438	3.088088	3.158158
3.248248	3.083083	2.927928
3.183183	3.108108	3.008008
3.258258	3.013013	2.992993
3.198198	3.053053	3.053053
3.218218	3.038038	3.043043
3.218218	2.987988	3.028028
3.233233	3.058058	3.003003
3.203203	3.218218	3.003003
3.178178	3.003003	2.987988
3.138138	2.847848	3.003003
3.168168	2.867868	3.058058
3.168168	2.852853	3.088088
3.148148	2.877878	3.248248
3.073073	2.962963	3.138138
3.143143	2.907908	3.123123
3.243243	2.932933	3.243243
3.118118	2.892893	3.288288
3.158158	2.777778	3.243243
3.113113	2.797798	3.183183
3.058058	2.882883	3.313313
3.013013	2.927928	3.498498
3.133133	2.917918	3.623624
3.058058	2.872873	3.703704
2.977978	2.822823	3.678679
3.043043	2.947948	3.678679
3.118118	3.013013	3.678679
3.078078	2.892893	3.488488
3.113113	2.872873	3.233233
3.118118	2.912913	2.997998
3.178178	3.063063	2.822823
3.258258	3.018018	2.867868
3.198198	3.013013	2.892893
3.098098	3.063063	2.962963
3.063063	3.063063	3.003003
3.058058	3.078078	3.093093
3.033033	3.033033	3.123123
3.158158	3.013013	3.163163
3.183183	2.997998	3.203203
3.203203	2.972973	3.243243
3.203203	2.922923	3.138138
3.123123	2.942943	3.063063
3.158158	2.977978	3.143143
3.143143	2.937938	3.138138
3.243243	2.902903	3.093093
3.338338	2.827828	3.158158
3.048048	2.837838	3.168168
2.937938	2.927928	3.158158
3.243243	2.992993	3.108108
3.488488	3.043043	3.158158
3.243243	3.088088	3.243243
3.178178	3.123123	3.183183
3.163163	3.123123	3.148148
3.073073	3.113113	3.158158
3.013013	3.133133	3.158158
2.952953	3.178178	3.183183
2.902903	3.133133	3.193193
3.038038	3.143143	3.198198
3.143143	3.118118	3.148148
3.123123	3.138138	3.213213
2.897898	3.168168	3.358358
2.897898	3.118118	3.498498
3.083083	3.158158	3.658659
3.073073	3.158158	3.808809
3.033033	3.108108	3.658659
2.942943	3.118118	3.573574
2.987988	3.113113	3.678679
3.058058	3.088088	3.778779
3.078078	3.113113	3.348348
3.013013	3.098098	3.123123
3.078078	3.083083	3.233233
3.278278	3.073073	3.348348
3.088088	3.083083	3.463463
3.028028	3.093093	3.398398
3.028028	3.088088	3.328328
3.083083	3.093093	3.193193
3.148148	3.098098	3.228228
3.058058	3.093093	3.243243
3.158158	3.093093	3.218218
3.133133	3.018018	3.063063
3.073073	3.038038	3.098098
3.073073	3.063063	3.163163
3.118118	3.063063	3.368368
3.248248	3.053053	3.338338
3.213213	2.982983	3.328328
3.073073	3.013013	3.358358
3.048048	3.273273	3.298298
2.987988	3.303303	3.298298
2.997998	3.158158	3.248248
3.063063	3.018018	3.113113
3.033033	3.058058	3.118118
3.143143	3.313313	3.218218
3.038038	3.778779	3.408408
3.368368	3.168168	3.143143
3.388388	3.168168	3.298298
3.408408	3.218218	3.298298
3.388388	3.133133	3.248248
3.278278	3.168168	3.118118
3.348348	3.038038	3.158158
3.323323	3.163163	3.058058
3.303303	3.258258	2.872873
3.288288	3.078078	2.872873
3.243243	2.972973	2.952953
3.178178	2.992993	3.018018
3.298298	3.148148	3.033033
3.228228	3.093093	3.038038
3.178178	3.078078	3.053053
3.168168	3.143143	3.028028
3.263263	2.927928	2.982983
3.233233	2.842843	2.982983
3.168168	2.917918	3.028028
3.138138	2.887888	3.093093
3.198198	2.877878	3.143143
3.193193	2.912913	3.133133
3.073073	2.887888	3.053053
3.058058	2.912913	3.198198
3.093093	2.947948	3.213213
3.038038	2.832833	3.168168
3.033033	2.802803	3.228228
3.058058	2.892893	3.228228
3.083083	2.947948	3.263263
3.138138	2.912913	3.428428
3.063063	2.857858	3.348348
2.957958	2.827828	3.623624
3.043043	2.862863	3.808809
3.178178	2.922923	3.723724
3.298298	2.917918	3.753754
3.258258	2.807808	3.703704
3.243243	2.822823	3.408408
3.118118	3.078078	3.138138
3.143143	3.048048	3.078078
3.113113	3.018018	2.952953
3.098098	3.073073	2.962963
3.273273	3.088088	3.013013
3.178178	3.073073	3.043043
3.008008	3.048048	3.098098
2.977978	3.043043	3.143143
2.962963	3.033033	3.113113
2.957958	3.088088	3.143143
2.997998	3.093093	3.123123
3.013013	3.123123	3.043043
2.972973	3.058058	3.133133
2.947948	2.952953	3.133133
2.947948	2.977978	3.063063
2.972973	2.917918	3.088088
2.927928	2.912913	3.063063
2.962963	3.008008	3.133133
2.927928	2.937938	3.143143
2.737738	2.937938	3.193193
2.792793	3.088088	3.213213
3.028028	3.113113	3.158158
3.243243	3.088088	3.183183
3.288288	3.108108	3.163163
3.143143	3.138138	3.198198
3.148148	3.148148	3.148148
3.288288	3.163163	3.138138
3.213213	3.163163	3.288288
2.977978	3.143143	3.313313
3.073073	3.138138	3.438438
3.438438	3.158158	3.678679
3.013013	3.148148	3.778779
2.912913	3.148148	3.843844
2.957958	3.133133	3.638639
2.962963	3.113113	3.638639
3.043043	3.113113	3.378378
3.043043	3.138138	3.198198
3.048048	3.143143	3.398398
2.977978	3.143143	3.278278
3.013013	3.138138	3.218218
3.018018	3.118118	3.313313
3.048048	3.093093	3.408408
2.997998	3.108108	3.408408
3.098098	3.093093	3.303303
3.088088	3.098098	3.328328
3.018018	3.088088	3.263263
3.053053	3.108108	3.313313
3.053053	3.098098	3.288288
3.088088	3.058058	3.323323
3.073073	2.992993	3.218218
3.198198	3.078078	3.178178
3.183183	2.997998	3.203203
3.058058	3.018018	3.323323
3.138138	3.043043	3.368368
3.148148	3.043043	3.278278
3.058058	3.053053	3.323323
3.093093	3.198198	3.288288
2.967968	3.133133	3.338338
2.982983	3.143143	3.378378
3.038038	3.073073	3.183183
3.108108	3.098098	3.263263
3.108108	3.073073	3.313313
3.143143	3.428428	3.248248
3.298298	3.133133	3.258258
3.328328	3.028028	3.368368
3.328328	3.008008	3.348348
3.303303	2.987988	3.218218
3.313313	3.008008	3.278278
3.278278	3.213213	3.178178
3.348348	3.338338	3.138138
3.313313	3.498498	2.877878
3.278278	3.203203	2.877878
3.298298	3.073073	2.942943
3.453453	3.133133	3.048048
3.328328	3.183183	3.033033
3.228228	3.053053	3.043043
3.168168	3.028028	3.078078
3.203203	3.073073	3.033033
3.213213	2.907908	2.977978
3.368368	2.857858	2.972973
3.183183	2.942943	3.028028
3.193193	2.892893	2.977978
3.133133	2.922923	2.972973
3.163163	2.937938	3.183183
3.098098	2.967968	3.163163
3.098098	2.927928	3.163163
3.193193	2.947948	3.158158
3.083083	2.872873	3.158158
3.178178	2.832833	3.323323
3.148148	2.857858	3.338338
3.063063	2.907908	3.258258
2.977978	2.917918	3.303303
2.942943	2.892893	3.313313
3.013013	2.867868	3.278278
3.083083	2.867868	3.473473
3.088088	2.897898	3.703704
3.278278	2.902903	3.723724
3.168168	2.842843	3.753754
3.098098	2.822823	3.703704
3.258258	3.003003	3.588589
3.148148	3.073073	3.513514
2.972973	3.073073	3.323323
2.992993	3.083083	3.228228
2.992993	3.098098	3.093093
2.997998	3.098098	3.028028
3.073073	3.123123	3.013013
3.078078	3.093093	3.038038
3.123123	3.083083	3.143143
3.123123	3.073073	3.178178
3.043043	2.982983	3.138138
3.033033	3.113113	3.108108
3.008008	3.233233	3.178178
3.028028	3.148148	3.098098
3.008008	3.113113	3.018018
3.053053	3.058058	3.003003
3.083083	3.078078	3.093093
3.028028	3.013013	3.148148
3.043043	2.937938	3.078078
3.048048	2.967968	3.083083
3.013013	3.088088	3.063063
2.972973	3.123123	3.113113
2.832833	3.088088	3.198198
2.757758	3.118118	3.203203
2.882883	3.158158	3.313313
3.213213	3.163163	3.338338
3.313313	3.168168	3.368368
3.113113	3.168168	3.528529
2.962963	3.148148	3.778779
2.992993	3.163163	3.658659
2.917918	3.168168	3.723724
2.912913	3.168168	3.808809
2.912913	3.158158	3.753754
2.902903	3.143143	3.573574
2.912913	3.133133	3.488488
2.967968	3.133133	3.378378
3.008008	3.148148	3.193193
2.947948	3.158158	3.233233
2.997998	3.158158	3.218218
3.053053	3.163163	3.123123
3.048048	3.168168	3.058058
3.063063	3.123123	3.198198
3.008008	3.113113	3.233233
3.038038	3.118118	3.198198
2.997998	3.093093	3.148148
2.992993	3.098098	3.258258
3.133133	3.098098	3.258258
3.163163	3.078078	3.193193
3.163163	3.038038	3.198198
3.203203	2.992993	3.313313
3.313313	3.038038	3.313313
3.278278	2.997998	3.263263
3.288288	2.987988	3.218218
3.203203	3.018018	3.228228
3.228228	3.058058	3.228228
3.113113	3.058058	3.218218
3.078078	3.048048	3.243243
3.018018	3.033033	3.288288
2.997998	3.063063	3.378378
3.093093	3.133133	3.263263
3.063063	3.123123	3.348348
3.088088	3.168168	3.513514
3.143143	3.213213	3.243243
3.328328	3.078078	3.203203
3.338338	3.043043	3.058058
3.348348	2.982983	3.133133
3.378378	3.013013	3.148148
3.323323	3.203203	3.158158
3.278278	3.243243	3.063063
3.288288	3.168168	3.063063
3.313313	3.408408	2.907908
3.273273	3.198198	2.877878
3.233233	3.228228	3.028028
3.248248	3.233233	3.123123
3.288288	3.218218	3.038038
3.213213	3.218218	3.003003
3.168168	3.178178	3.038038
3.248248	3.088088	3.028028
3.233233	2.992993	2.937938
3.123123	2.872873	3.003003
3.218218	2.842843	2.997998
3.183183	2.902903	2.972973
3.273273	2.952953	2.972973
3.148148	2.962963	3.133133
3.073073	2.947948	3.133133
3.123123	2.922923	3.113113
3.088088	2.917918	3.163163
2.947948	2.897898	3.158158
2.927928	2.877878	3.288288
2.872873	2.847848	3.498498
3.003003	2.902903	3.348348
3.093093	2.977978	3.233233
3.013013	2.972973	3.388388
3.013013	2.912913	3.348348
3.108108	2.862863	3.278278
2.982983	2.867868	3.498498
3.053053	2.902903	3.658659
3.033033	2.862863	3.658659
2.862863	2.802803	3.638639
2.927928	2.882883	3.703704
2.847848	3.033033	3.753754
2.782783	3.048048	3.723724
2.832833	3.083083	3.588589
2.972973	3.093093	3.418418
3.003003	3.113113	3.388388
3.013013	3.133133	3.348348
3.043043	3.133133	3.233233
3.078078	3.133133	3.278278
3.053053	3.058058	3.298298
3.033033	2.922923	3.193193
3.003003	3.113113	3.133133
2.982983	3.553554	3.123123
2.997998	3.463463	3.133133
3.043043	3.328328	3.138138
3.038038	3.313313	3.053053
3.003003	3.368368	3.093093
3.013013	3.083083	3.118118
2.997998	2.937938	3.063063
3.008008	3.033033	3.093093
3.018018	3.098098	3.193193
3.003003	3.118118	3.348348
2.992993	3.133133	3.473473
2.962963	3.148148	3.498498
2.987988	3.163163	3.573574
2.982983	3.178178	3.638639
2.802803	3.163163	3.703704
2.827828	3.158158	3.808809
2.922923	3.133133	3.808809
3.028028	3.178178	4.049049
3.303303	3.158158	3.883884
3.093093	3.123123	3.638639
3.038038	3.148148	3.658659
2.892893	3.163163	3.658659
2.902903	3.148148	3.463463
2.952953	3.148148	3.243243
2.972973	3.163163	3.123123
3.093093	3.178178	3.143143
3.048048	3.143143	3.248248
3.098098	3.148148	3.263263
3.033033	3.148148	3.263263
3.038038	3.113113	3.228228
2.907908	3.093093	3.348348
3.028028	3.113113	3.368368
3.043043	3.093093	3.123123
3.038038	3.073073	3.038038
3.218218	3.093093	3.163163
3.298298	3.088088	3.278278
3.163163	3.063063	3.298298
3.058058	3.013013	3.178178
3.138138	2.972973	3.258258
3.313313	3.003003	3.233233
3.203203	3.008008	3.248248
3.243243	3.043043	3.388388
3.138138	3.043043	3.258258
3.018018	3.158158	3.263263
3.093093	3.163163	3.313313
3.118118	3.133133	3.233233
3.168168	3.108108	3.323323
3.428428	3.118118	3.328328
3.218218	3.098098	3.193193
3.078078	3.178178	3.388388
3.073073	3.078078	3.303303
3.288288	3.043043	3.193193
3.323323	3.053053	3.273273
3.303303	3.018018	3.218218
3.378378	3.043043	3.058058
3.553554	3.248248	3.088088
3.338338	3.233233	3.078078
3.298298	3.088088	3.048048
3.248248	3.118118	2.987988
3.233233	3.273273	2.952953
3.198198	3.288288	3.048048
3.193193	3.203203	3.213213
3.233233	3.168168	3.158158
3.258258	3.298298	3.048048
3.288288	3.298298	3.048048
3.288288	3.198198	3.008008
3.303303	3.048048	3.033033
3.218218	2.842843	3.038038
3.193193	2.837838	3.008008
3.168168	2.952953	3.008008
3.118118	2.907908	2.997998
3.163163	2.927928	2.992993
3.038038	2.912913	3.108108
3.028028	2.882883	3.093093
3.038038	2.962963	3.133133
3.053053	2.907908	3.158158
2.922923	2.907908	3.213213
2.952953	2.887888	3.278278
3.108108	2.922923	3.278278
3.113113	2.987988	3.358358
3.093093	2.967968	3.438438
3.008008	2.937938	3.378378
2.977978	2.862863	3.198198
3.158158	2.862863	3.163163
3.183183	2.877878	3.453453
2.892893	2.857858	3.703704
2.982983	2.787788	3.658659
3.038038	2.862863	3.678679
2.972973	3.013013	3.753754
2.857858	3.028028	3.753754
2.927928	3.063063	3.753754
2.972973	3.088088	3.723724
3.003003	3.118118	3.753754
3.008008	3.078078	3.778779
2.987988	3.073073	3.638639
3.008008	3.108108	3.528529
3.018018	3.093093	3.488488
3.053053	3.013013	3.488488
3.013013	3.108108	3.473473
2.992993	3.498498	3.473473
3.033033	3.778779	3.543544
2.997998	3.778779	3.588589
3.003003	3.723724	3.488488
3.018018	3.513514	3.498498
3.008008	3.088088	3.513514
3.008008	2.932933	3.498498
3.038038	3.048048	3.573574
3.038038	3.088088	3.678679
3.043043	3.093093	3.753754
3.038038	3.133133	3.753754
2.982983	3.158158	3.778779
2.987988	3.163163	3.808809
2.987988	3.163163	3.778779
2.922923	3.168168	3.843844
2.847848	3.148148	3.723724
2.827828	3.148148	4.959960
2.992993	3.183183	3.168168
3.133133	3.138138	3.428428
3.088088	3.138138	3.553554
3.063063	3.138138	3.163163
2.937938	3.163163	3.488488
3.078078	3.158158	3.603604
3.043043	3.138138	3.408408
2.987988	3.143143	3.288288
3.098098	3.163163	3.233233
3.108108	3.133133	3.358358
3.118118	3.118118	3.358358
3.038038	3.138138	3.273273
3.048048	3.133133	3.148148
3.053053	3.133133	3.083083
3.078078	3.098098	3.233233
3.053053	3.088088	3.148148
3.183183	3.088088	3.183183
3.108108	3.123123	3.198198
3.043043	3.148148	3.428428
3.168168	3.078078	3.213213
3.053053	3.058058	3.138138
3.143143	2.987988	3.183183
3.138138	2.977978	3.233233
3.108108	2.992993	3.263263
3.118118	3.048048	3.378378
3.108108	3.028028	3.408408
3.033033	3.078078	3.288288
3.013013	3.163163	3.228228
3.043043	3.118118	3.218218
3.073073	3.073073	3.338338
3.113113	3.043043	3.303303
3.098098	3.158158	3.338338
3.048048	3.118118	3.303303
3.083083	3.083083	3.398398
3.358358	3.133133	3.258258
3.358358	3.038038	3.228228
3.303303	3.033033	3.113113
3.378378	3.048048	3.083083
3.338338	3.033033	3.278278
3.338338	2.997998	3.258258
3.228228	3.013013	3.198198
3.213213	3.078078	2.977978
3.133133	3.313313	3.028028
3.263263	3.178178	3.003003
3.218218	3.243243	3.028028
3.193193	3.108108	3.168168
3.183183	3.218218	3.183183
3.213213	3.133133	3.118118
3.288288	3.108108	3.048048
3.288288	3.028028	3.018018
3.233233	2.787788	3.048048
3.248248	2.832833	3.073073
3.228228	2.962963	3.058058
3.243243	2.887888	3.113113
3.213213	2.862863	3.078078
3.033033	2.882883	3.043043
3.088088	2.862863	3.138138
3.008008	2.972973	3.163163
3.098098	2.892893	3.133133
2.997998	2.917918	3.138138
2.942943	2.882883	3.148148
2.962963	2.907908	3.203203
3.013013	2.987988	3.203203
3.048048	2.997998	3.273273
3.013013	2.962963	3.463463
3.008008	2.927928	3.368368
3.063063	2.912913	3.233233
2.992993	2.897898	3.473473
3.048048	2.892893	3.473473
3.008008	2.842843	3.678679
3.008008	2.902903	3.588589
2.927928	3.083083	3.808809
2.917918	3.083083	3.623624
3.038038	3.083083	3.658659
2.982983	3.078078	3.753754
2.982983	3.108108	3.658659
3.033033	3.078078	3.658659
3.058058	3.058058	3.753754
3.048048	3.108108	3.723724
3.033033	3.138138	3.723724
3.013013	3.088088	3.778779
3.033033	3.053053	3.808809
3.033033	3.143143	3.778779
3.013013	3.368368	3.778779
2.977978	3.313313	3.808809
2.992993	3.288288	3.843844
3.043043	3.193193	3.753754
3.043043	3.013013	3.778779
3.013013	3.033033	3.928929
3.033033	3.088088	3.983984
3.053053	3.123123	3.928929
3.038038	3.143143	3.843844
3.028028	3.158158	3.928929
2.997998	3.163163	3.928929
2.982983	3.158158	3.843844
2.967968	3.148148	3.753754
2.967968	3.178178	3.808809
2.992993	3.158158	3.808809
3.058058	3.168168	3.498498
2.952953	3.193193	3.453453
2.732733	3.178178	3.453453
3.008008	3.163163	3.378378
2.947948	3.168168	3.338338
3.043043	3.183183	3.193193
3.168168	3.178178	3.438438
3.043043	3.113113	3.438438
3.078078	3.123123	3.178178
3.038038	3.163163	3.298298
2.952953	3.158158	3.278278
2.962963	3.138138	3.143143
2.972973	3.148148	3.248248
3.033033	3.123123	3.203203
3.118118	3.148148	3.258258
3.093093	3.078078	3.163163
2.982983	3.113113	3.218218
3.263263	3.108108	3.183183
3.028028	3.088088	3.258258
3.013013	3.183183	3.358358
3.088088	3.123123	3.498498
3.098098	3.108108	3.213213
3.133133	3.043043	3.113113
3.118118	3.013013	3.198198
3.168168	3.008008	3.298298
3.193193	3.018018	3.388388
3.008008	3.013013	3.278278
3.093093	2.992993	3.193193
3.088088	3.063063	3.233233
3.043043	3.108108	3.278278
3.088088	3.063063	3.248248
3.063063	3.048048	3.273273
3.118118	3.183183	3.273273
3.048048	3.118118	3.218218
3.163163	3.093093	3.348348
3.298298	3.178178	3.163163
3.368368	3.118118	3.138138
3.298298	3.118118	3.203203
3.288288	3.078078	3.203203
3.328328	3.028028	3.133133
3.313313	2.982983	2.982983
3.243243	2.967968	2.997998
3.123123	3.178178	3.098098
3.218218	3.138138	2.897898
3.183183	3.098098	2.957958
3.178178	3.143143	3.028028
3.178178	3.108108	3.038038
3.218218	3.123123	3.178178
3.228228	3.028028	3.123123
3.183183	3.038038	3.073073
3.408408	3.058058	3.058058
3.398398	2.822823	3.018018
3.278278	2.822823	3.063063
3.298298	2.907908	3.063063
3.203203	2.882883	3.033033
2.982983	2.822823	3.098098
3.123123	2.807808	3.118118
3.043043	2.832833	2.997998
3.003003	2.882883	3.113113
3.028028	2.907908	3.148148
2.982983	2.942943	3.118118
3.078078	2.832833	3.083083
3.088088	2.867868	3.058058
3.158158	2.942943	3.053053
3.143143	2.917918	3.113113
3.078078	2.852853	3.218218
3.048048	2.887888	3.338338
3.098098	2.907908	3.298298
3.083083	2.842843	3.288288
3.028028	2.862863	3.258258
2.967968	2.922923	3.298298
2.967968	2.977978	3.358358
2.997998	3.073073	3.113113
3.018018	3.148148	3.488488
3.018018	3.108108	3.753754
3.028028	3.098098	3.553554
3.048048	3.118118	3.588589
3.043043	3.123123	3.778779
3.008008	3.118118	3.723724
3.043043	3.123123	3.723724
3.018018	3.118118	3.753754
2.992993	3.088088	3.753754
3.003003	3.053053	3.638639
2.992993	3.008008	3.658659
3.013013	3.093093	3.883884
2.997998	3.008008	3.723724
3.028028	2.997998	3.723724
3.033033	3.048048	3.843844
2.997998	3.008008	3.843844
3.033033	3.058058	3.843844
3.018018	3.058058	3.753754
3.038038	3.123123	3.753754
3.033033	3.178178	3.808809
3.013013	3.198198	3.778779
3.018018	3.178178	3.808809
3.003003	3.148148	3.778779
2.987988	3.168168	3.778779
3.028028	3.168168	3.778779
3.048048	3.138138	4.959960
3.033033	3.178178	3.328328
3.003003	3.193193	3.218218
2.987988	3.198198	3.048048
2.937938	3.183183	3.168168
2.912913	3.198198	3.278278
3.003003	3.183183	3.378378
3.053053	3.178178	3.553554
3.033033	3.143143	3.528529
3.158158	3.158158	3.243243
3.198198	3.183183	3.278278
3.063063	3.183183	3.368368
3.043043	3.143143	3.378378
3.038038	3.138138	3.303303
3.078078	3.113113	3.183183
2.992993	3.123123	3.198198
3.123123	3.033033	3.278278
3.058058	3.038038	3.213213
3.003003	3.063063	3.198198
3.058058	3.063063	3.273273
3.123123	3.143143	3.428428
3.073073	3.183183	3.288288
3.213213	3.118118	3.163163
3.213213	3.083083	3.193193
3.138138	3.073073	3.213213
3.158158	3.058058	3.193193
3.113113	3.148148	3.258258
3.093093	3.113113	3.513514
3.428428	3.043043	3.638639
3.218218	3.048048	3.463463
3.043043	3.118118	3.313313
3.003003	3.108108	3.328328
3.033033	3.048048	3.298298
3.063063	3.058058	3.228228
3.033033	3.093093	3.513514
3.038038	3.148148	3.438438
3.358358	3.133133	3.258258
3.358358	3.073073	3.248248
3.298298	3.108108	3.193193
3.263263	3.063063	3.143143
3.338338	3.088088	3.058058
3.288288	3.018018	2.977978
3.248248	3.113113	3.008008
3.168168	3.108108	2.982983
3.258258	3.038038	2.952953
3.158158	3.108108	3.053053
3.163163	3.203203	2.992993
3.143143	3.243243	2.987988
3.228228	3.168168	2.957958
3.213213	3.198198	2.967968
3.123123	3.138138	3.113113
3.233233	3.113113	3.193193
3.298298	2.892893	2.987988
3.213213	2.832833	2.977978
3.233233	2.917918	2.952953
3.203203	2.852853	3.053053
3.003003	2.882883	2.962963
3.143143	2.877878	3.033033
3.038038	2.822823	3.013013
3.108108	2.902903	3.028028
2.997998	2.957958	3.028028
3.058058	2.867868	3.123123
3.218218	2.802803	3.163163
3.218218	2.842843	3.198198
3.183183	2.897898	3.178178
3.123123	2.822823	3.193193
3.018018	2.737738	3.233233
3.048048	2.802803	3.273273
3.028028	2.897898	3.218218
2.967968	2.797798	3.203203
2.947948	2.762763	3.273273
2.927928	2.842843	3.378378
2.967968	2.957958	3.218218
2.952953	2.997998	3.063063
2.962963	3.143143	3.328328
2.987988	3.138138	3.438438
3.018018	3.118118	3.418418
3.033033	3.123123	3.473473
3.018018	3.148148	3.843844
2.977978	3.178178	3.658659
2.997998	3.133133	3.723724
3.008008	3.088088	3.723724
2.992993	3.098098	3.678679
2.997998	3.098098	3.753754
2.982983	3.088088	3.753754
2.982983	3.093093	3.678679
2.972973	3.053053	3.753754
3.013013	3.083083	3.778779
2.977978	3.093093	3.808809
2.977978	3.078078	3.808809
3.013013	3.093093	3.543544
3.018018	3.078078	3.588589
3.043043	3.113113	3.808809
3.028028	3.163163	3.753754
3.008008	3.193193	3.723724
3.013013	3.183183	3.778779
3.018018	3.163163	3.723724
3.013013	3.178178	3.723724
3.053053	3.163163	3.488488
3.043043	3.163163	3.418418
3.008008	3.203203	3.338338
2.997998	3.163163	3.378378
2.972973	3.183183	3.278278
3.033033	3.213213	3.228228
3.018018	3.183183	3.313313
2.887888	3.168168	3.338338
3.013013	3.163163	3.263263
3.143143	3.158158	3.313313
3.378378	3.138138	3.328328
3.278278	3.133133	3.193193
3.123123	3.163163	3.163163
3.118118	3.148148	3.258258
3.118118	3.148148	3.263263
3.093093	3.113113	3.258258
3.088088	3.123123	3.168168
3.108108	3.058058	3.193193
3.083083	3.008008	3.198198
3.033033	3.083083	3.243243
3.183183	3.093093	3.263263
3.183183	3.118118	3.203203
3.098098	3.178178	3.263263
3.183183	3.118118	3.338338
3.298298	3.118118	3.178178
3.168168	3.038038	3.168168
3.113113	2.957958	3.258258
3.073073	3.063063	3.323323
3.053053	3.088088	3.348348
3.163163	3.113113	3.278278
3.118118	3.063063	3.428428
3.063063	3.033033	3.273273
3.048048	3.093093	3.398398
3.108108	3.078078	3.323323
3.078078	3.028028	3.378378
3.093093	3.078078	3.368368
3.083083	3.098098	3.323323
3.378378	3.198198	3.303303
3.323323	3.163163	3.348348
3.313313	3.198198	3.218218
3.263263	3.138138	3.218218
3.368368	3.093093	3.093093
3.258258	3.008008	3.008008
3.313313	3.133133	3.058058
3.193193	3.058058	2.997998
3.163163	3.018018	3.003003
3.143143	3.078078	2.972973
3.203203	3.273273	2.952953
3.198198	3.323323	3.078078
3.178178	3.368368	3.143143
3.118118	3.528529	3.133133
3.108108	3.328328	3.183183
3.143143	3.263263	3.213213
3.123123	2.952953	3.303303
3.298298	2.842843	3.158158
3.278278	2.942943	3.168168
3.273273	2.922923	3.073073
3.543544	2.962963	3.098098
3.108108	2.902903	2.927928
3.028028	2.847848	3.073073
3.073073	2.982983	3.133133
3.098098	2.912913	3.033033
3.163163	2.807808	3.058058
3.213213	2.807808	3.088088
3.048048	2.822823	3.083083
3.018018	2.862863	3.053053
2.987988	2.807808	3.148148
2.917918	2.747748	3.243243
2.937938	2.787788	3.313313
2.957958	2.917918	3.368368
2.917918	2.882883	3.418418
2.927928	2.747748	3.398398
2.962963	2.747748	3.378378
2.957958	2.787788	3.488488
2.962963	2.887888	3.398398
2.942943	3.123123	3.368368
2.957958	3.118118	3.463463
3.003003	3.118118	3.398398
2.997998	3.138138	3.418418
3.013013	3.148148	3.398398
3.013013	3.158158	3.398398
3.018018	3.158158	3.323323
3.033033	3.118118	3.323323
2.982983	3.118118	3.543544
2.967968	3.138138	3.753754
3.018018	3.148148	3.658659
3.003003	3.088088	3.703704
2.967968	3.078078	3.703704
3.003003	3.143143	3.678679
2.982983	3.143143	3.638639
2.977978	3.088088	3.658659
2.992993	3.118118	3.623624
2.992993	3.158158	3.623624
3.018018	3.158158	3.513514
3.033033	3.158158	3.348348
3.018018	3.163163	3.418418
2.997998	3.183183	3.573574
3.008008	3.163163	3.388388
3.008008	3.148148	3.323323
3.033033	3.193193	3.198198
3.003003	3.228228	3.213213
2.982983	3.213213	3.323323
3.013013	3.178178	3.553554
2.997998	3.168168	3.368368
3.018018	3.163163	3.328328
3.018018	3.168168	3.258258
3.043043	3.198198	3.018018
2.952953	3.193193	3.123123
2.887888	3.168168	3.248248
3.053053	3.143143	3.273273
3.203203	3.113113	3.323323
3.263263	3.123123	3.278278
3.118118	3.143143	3.183183
3.033033	3.178178	3.193193
3.053053	3.143143	3.288288
3.113113	3.113113	3.178178
3.043043	3.133133	3.243243
3.183183	3.123123	3.338338
3.053053	3.168168	3.288288
3.048048	3.133133	3.328328
3.073073	3.113113	3.233233
3.123123	3.168168	3.278278
3.048048	3.193193	3.313313
3.113113	3.143143	3.243243
3.158158	3.098098	3.193193
3.138138	2.877878	3.263263
3.168168	2.797798	3.453453
3.123123	2.997998	3.313313
3.043043	3.063063	3.218218
3.043043	3.123123	3.243243
3.083083	3.048048	3.408408
3.048048	3.038038	3.378378
3.138138	3.108108	3.323323
3.083083	3.303303	3.118118
3.053053	3.133133	3.183183
3.033033	3.083083	3.288288
3.278278	3.193193	3.218218
3.273273	3.228228	3.233233
3.278278	3.278278	3.278278
3.218218	3.358358	3.143143
3.368368	3.148148	3.013013
3.203203	3.163163	3.118118
3.258258	3.088088	3.008008
3.133133	3.123123	3.168168
3.143143	3.073073	3.148148
3.123123	3.083083	3.113113
3.148148	3.133133	3.073073
3.183183	3.133133	3.033033
3.178178	3.303303	3.073073
3.143143	3.388388	3.048048
3.168168	3.248248	3.008008
3.193193	3.133133	3.018018
3.183183	2.982983	3.148148
3.233233	2.992993	3.243243
3.248248	3.018018	3.143143
3.043043	2.992993	3.038038
3.133133	2.987988	3.038038
3.083083	2.967968	3.048048
3.093093	2.932933	3.078078
3.038038	2.887888	3.013013
3.183183	2.827828	3.028028
3.213213	2.802803	3.083083
3.053053	2.787788	3.093093
2.962963	2.792793	3.133133
2.932933	2.827828	3.158158
2.872873	2.842843	3.113113
2.842843	2.767768	3.088088
2.922923	2.757758	3.218218
2.952953	2.902903	3.338338
2.982983	2.937938	3.418418
2.957958	2.822823	3.348348
2.932933	2.822823	3.378378
2.937938	2.782783	3.453453
2.942943	2.912913	3.473473
2.947948	3.053053	3.243243
2.957958	3.148148	3.243243
2.952953	3.143143	3.243243
2.967968	3.143143	3.248248
3.008008	3.178178	3.313313
3.008008	3.183183	3.313313
3.028028	3.168168	3.328328
3.038038	3.198198	3.298298
2.992993	3.118118	3.313313
2.977978	3.093093	3.463463
2.987988	3.178178	3.488488
2.982983	3.143143	3.573574
2.982983	3.123123	3.623624
2.982983	3.163163	3.453453
2.997998	3.178178	3.388388
2.982983	3.138138	3.428428
3.003003	3.143143	3.388388
3.018018	3.178178	3.408408
2.982983	3.163163	3.428428
2.992993	3.123123	3.398398
3.008008	3.148148	3.278278
3.028028	3.193193	3.313313
3.008008	3.183183	3.328328
2.987988	3.183183	3.338338
2.997998	3.183183	3.408408
2.997998	3.203203	3.303303
3.008008	3.198198	3.368368
3.043043	3.168168	3.623624
3.048048	3.143143	3.358358
3.028028	3.168168	3.203203
3.038038	3.158158	3.183183
3.048048	3.193193	3.203203
3.033033	3.213213	3.058058
2.972973	3.203203	3.243243
2.887888	3.168168	3.263263
2.987988	3.148148	3.288288
3.198198	3.123123	3.328328
3.158158	3.133133	3.258258
3.078078	3.138138	3.243243
3.033033	3.158158	3.178178
2.997998	3.133133	3.193193
3.018018	3.123123	3.288288
3.178178	3.138138	3.233233
3.033033	3.148148	3.473473
3.053053	3.123123	3.313313
3.053053	3.133133	3.263263
3.098098	3.178178	3.213213
3.138138	3.278278	3.218218
3.033033	3.298298	3.273273
3.193193	3.263263	3.323323
3.143143	2.952953	3.263263
3.073073	2.737738	3.298298
3.053053	2.982983	3.338338
3.028028	3.078078	3.348348
3.083083	2.862863	3.303303
3.093093	3.008008	3.348348
3.133133	3.123123	3.428428
3.143143	3.118118	3.388388
3.038038	3.248248	3.213213
3.108108	3.138138	3.143143
3.073073	3.058058	3.193193
3.303303	3.163163	3.273273
3.258258	3.203203	3.218218
3.213213	3.133133	3.193193
3.278278	3.168168	3.078078
3.398398	3.178178	3.038038
3.258258	3.078078	3.093093
3.228228	3.248248	3.048048
3.168168	3.198198	3.233233
3.193193	3.158158	3.113113
3.113113	3.178178	3.118118
3.133133	3.168168	3.073073
3.148148	3.083083	3.058058
3.218218	3.043043	3.098098
3.288288	3.203203	3.058058
3.228228	3.213213	2.997998
3.248248	3.093093	3.013013
3.233233	2.917918	3.088088
3.098098	2.887888	3.118118
3.048048	2.957958	3.063063
2.957958	2.937938	3.013013
3.083083	2.997998	3.118118
3.028028	2.987988	3.218218
3.038038	2.957958	3.073073
3.158158	2.847848	3.028028
3.123123	2.887888	3.028028
3.008008	2.847848	3.058058
2.837838	2.862863	3.083083
2.862863	2.792793	3.168168
2.877878	2.857858	3.298298
2.832833	2.862863	3.168168
2.872873	2.812813	2.992993
2.937938	2.822823	3.053053
2.947948	2.912913	3.258258
3.003003	2.902903	3.228228
2.952953	2.887888	3.178178
2.897898	2.927928	3.178178
2.967968	2.917918	3.228228
2.942943	2.952953	3.243243
2.977978	3.073073	3.313313
2.992993	3.138138	3.243243
2.957958	3.163163	3.203203
2.992993	3.148148	3.228228
3.038038	3.183183	3.338338
3.013013	3.178178	3.488488
3.008008	3.138138	3.473473
2.997998	3.158158	3.408408
3.003003	3.148148	3.298298
3.013013	3.118118	3.263263
2.967968	3.158158	3.273273
2.947948	3.168168	3.313313
2.977978	3.183183	3.328328
2.997998	3.193193	3.488488
3.013013	3.178178	3.573574
2.987988	3.168168	3.328328
2.967968	3.168168	3.248248
2.982983	3.178178	3.328328
2.962963	3.158158	3.358358
2.962963	3.138138	3.278278
2.997998	3.163163	3.248248
3.028028	3.213213	3.378378
3.018018	3.193193	3.303303
2.992993	3.168168	3.198198
2.987988	3.163163	3.228228
3.013013	3.183183	3.258258
3.058058	3.193193	3.303303
3.038038	3.168168	3.148148
3.038038	3.138138	3.228228
3.028028	3.203203	3.118118
3.013013	3.183183	3.183183
3.028028	3.113113	3.203203
3.018018	3.148148	3.213213
3.003003	3.183183	3.183183
2.987988	3.183183	3.263263
2.962963	3.143143	3.348348
3.058058	3.123123	3.323323
3.273273	3.143143	3.233233
3.123123	3.123123	3.168168
3.018018	3.123123	3.198198
2.967968	3.133133	3.168168
2.987988	3.118118	3.273273
3.183183	3.133133	3.313313
3.108108	3.148148	3.378378
3.053053	3.098098	3.233233
3.018018	3.108108	3.213213
3.018018	3.168168	3.233233
3.168168	3.273273	3.213213
3.053053	3.303303	3.298298
3.198198	3.183183	3.278278
3.193193	2.932933	3.298298
3.058058	2.872873	3.338338
3.043043	3.158158	3.288288
3.053053	3.248248	3.278278
3.063063	2.822823	3.273273
3.033033	2.892893	3.303303
3.108108	3.018018	3.418418
3.108108	3.143143	3.378378
3.063063	3.233233	3.723724
3.123123	3.193193	3.303303
3.133133	3.323323	3.248248
3.358358	3.138138	3.298298
3.243243	3.093093	3.313313
3.158158	3.133133	3.298298
3.278278	3.053053	3.113113
3.338338	3.148148	3.078078
3.328328	3.243243	3.073073
3.258258	3.213213	3.043043
3.228228	3.158158	3.203203
3.228228	3.243243	3.118118
3.138138	3.243243	3.053053
3.098098	3.193193	3.038038
3.088088	3.123123	3.093093
3.133133	2.942943	3.073073
3.118118	3.113113	3.048048
3.113113	3.368368	2.977978
3.213213	3.428428	3.003003
3.203203	3.123123	3.053053
3.083083	2.967968	3.038038
2.927928	2.907908	2.997998
3.113113	2.917918	2.997998
3.138138	2.912913	3.088088
3.028028	2.892893	3.098098
3.033033	2.947948	3.108108
3.028028	2.887888	3.218218
2.907908	2.947948	3.113113
2.877878	2.957958	3.123123
2.832833	2.902903	3.143143
2.812813	2.797798	3.228228
2.832833	2.832833	3.398398
2.832833	2.827828	3.388388
2.842843	2.787788	3.303303
2.912913	2.842843	3.328328
2.932933	2.942943	3.328328
2.977978	2.902903	3.228228
2.947948	2.912913	3.218218
2.947948	2.892893	3.213213
2.977978	3.048048	3.183183
2.942943	3.043043	3.138138
2.952953	3.098098	3.233233
2.997998	3.168168	3.263263
3.008008	3.198198	3.248248
2.982983	3.163163	3.228228
3.003003	3.133133	3.323323
3.033033	3.138138	3.328328
3.008008	3.143143	3.263263
3.003003	3.138138	3.328328
3.018018	3.193193	3.273273
3.013013	3.203203	3.218218
2.982983	3.163163	3.228228
2.962963	3.178178	3.228228
2.972973	3.168168	3.178178
3.008008	3.163163	3.228228
3.028028	3.178178	3.463463
2.982983	3.168168	3.398398
2.947948	3.183183	3.248248
2.962963	3.198198	3.228228
2.977978	3.178178	3.278278
2.992993	3.143143	3.298298
3.033033	3.163163	3.248248
3.038038	3.203203	3.278278
3.003003	3.168168	3.323323
2.982983	3.168168	3.198198
2.987988	3.213213	3.098098
3.028028	3.193193	3.168168
3.028028	3.143143	3.243243
3.018018	3.183183	3.203203
3.018018	3.178178	3.298298
3.028028	3.183183	3.218218
3.038038	3.213213	3.218218
3.008008	3.123123	3.233233
3.013013	3.143143	3.213213
3.038038	3.148148	3.108108
3.038038	3.148148	3.198198
3.003003	3.143143	3.358358
2.947948	3.133133	3.248248
3.033033	3.138138	3.123123
3.098098	3.143143	3.133133
3.083083	3.118118	3.258258
2.967968	3.123123	3.143143
3.003003	3.138138	3.248248
3.113113	3.113113	3.488488
3.078078	3.138138	3.338338
2.982983	3.133133	3.243243
3.048048	3.158158	3.273273
3.143143	3.233233	3.323323
3.008008	3.288288	3.408408
3.028028	3.078078	3.323323
3.108108	3.048048	3.303303
3.148148	3.123123	3.358358
3.148148	3.313313	3.348348
3.198198	3.543544	3.313313
3.138138	3.453453	3.313313
3.078078	2.907908	3.278278
2.942943	3.008008	3.273273
2.992993	3.093093	3.278278
3.133133	3.138138	3.358358
3.033033	3.168168	3.473473
3.233233	3.398398	3.358358
3.063063	3.058058	3.358358
3.248248	3.243243	3.273273
3.243243	3.088088	3.278278
3.288288	3.113113	3.213213
3.233233	3.073073	3.168168
3.378378	3.073073	3.108108
3.248248	3.638639	3.138138
3.198198	3.048048	3.093093
3.133133	3.198198	3.218218
3.148148	3.083083	3.168168
3.063063	3.118118	3.138138
3.048048	3.048048	3.108108
3.073073	3.048048	3.053053
3.078078	3.108108	3.008008
3.148148	3.113113	3.018018
3.178178	3.298298	2.982983
3.093093	3.588589	2.987988
3.243243	3.338338	2.977978
3.033033	2.962963	3.013013
2.957958	2.987988	3.028028
3.228228	2.952953	3.073073
3.053053	2.867868	3.098098
3.178178	2.947948	2.982983
3.138138	2.997998	3.038038
3.018018	2.937938	3.138138
2.762763	2.882883	3.193193
2.867868	2.922923	3.138138
2.837838	2.842843	3.143143
2.842843	2.787788	3.198198
2.902903	2.797798	3.258258
2.877878	2.787788	3.323323
2.797798	2.752753	3.543544
2.917918	2.787788	3.528529
2.957958	2.882883	3.288288
2.987988	2.922923	3.248248
2.972973	2.932933	3.263263
2.977978	2.877878	3.273273
2.977978	2.917918	3.218218
2.982983	2.967968	3.178178
2.992993	2.977978	3.213213
3.003003	3.148148	3.273273
3.003003	3.133133	3.328328
2.962963	3.143143	3.323323
2.972973	3.138138	3.273273
2.992993	3.168168	3.228228
3.013013	3.198198	3.248248
3.008008	3.183183	3.368368
3.018018	3.183183	3.298298
3.013013	3.178178	3.338338
3.018018	3.178178	3.408408
2.977978	3.183183	3.233233
2.987988	3.183183	3.233233
3.008008	3.193193	3.258258
2.972973	3.178178	3.298298
2.967968	3.148148	3.303303
2.987988	3.178178	3.323323
3.008008	3.183183	3.303303
3.033033	3.168168	3.313313
3.043043	3.163163	3.338338
3.043043	3.163163	3.273273
3.033033	3.163163	3.258258
3.003003	3.148148	3.313313
2.987988	3.178178	3.313313
2.977978	3.178178	3.198198
3.028028	3.168168	3.218218
3.028028	3.168168	3.288288
3.063063	3.193193	3.193193
3.033033	3.213213	3.148148
3.028028	3.088088	3.243243
3.038038	3.108108	3.288288
2.977978	3.178178	3.258258
3.038038	3.178178	3.228228
3.048048	3.158158	3.168168
3.028028	3.118118	3.123123
3.003003	3.113113	3.233233
2.977978	3.113113	3.143143
2.887888	3.143143	3.063063
2.917918	3.168168	3.133133
3.018018	3.158158	3.388388
2.807808	3.163163	3.273273
3.003003	3.158158	3.233233
2.992993	3.113113	3.408408
3.048048	3.108108	3.438438
3.133133	3.138138	3.303303
2.957958	3.183183	3.288288
3.113113	3.178178	3.388388
2.922923	3.143143	3.323323
2.952953	3.158158	3.358358
3.038038	3.178178	3.388388
3.093093	3.198198	3.358358
3.078078	3.323323	3.368368
3.203203	3.248248	3.273273
3.183183	3.278278	3.263263
3.198198	3.118118	3.298298
2.972973	3.248248	3.328328
3.033033	3.228228	3.278278
3.083083	3.183183	3.398398
3.083083	3.243243	3.418418
3.183183	3.273273	3.323323
3.218218	3.038038	3.248248
3.243243	3.213213	3.203203
3.193193	3.233233	3.213213
3.278278	3.118118	3.118118
3.338338	3.138138	3.043043
3.388388	3.053053	3.098098
3.193193	3.118118	3.108108
3.183183	3.018018	3.113113
3.178178	3.183183	3.203203
3.133133	3.038038	3.218218
3.008008	3.073073	3.163163
2.922923	3.213213	3.093093
3.008008	3.078078	3.058058
3.118118	3.198198	3.063063
3.233233	3.193193	3.028028
3.148148	3.048048	3.018018
3.058058	3.183183	3.033033
3.058058	3.303303	3.008008
2.952953	2.917918	3.013013
3.078078	2.987988	3.033033
3.083083	2.987988	3.073073
3.398398	2.877878	3.053053
3.123123	2.922923	3.018018
3.048048	2.867868	3.088088
2.802803	2.927928	3.048048
2.812813	2.862863	3.133133
2.837838	2.812813	3.133133
2.857858	2.837838	3.118118
2.857858	2.872873	3.198198
2.897898	2.862863	3.203203
2.897898	2.872873	3.193193
2.822823	2.857858	3.328328
2.882883	2.802803	3.408408
2.972973	2.802803	3.288288
3.008008	2.882883	3.248248
2.967968	2.947948	3.298298
2.977978	2.927928	3.233233
2.997998	2.862863	3.213213
2.962963	2.887888	3.323323
2.972973	2.912913	3.258258
2.982983	3.003003	3.303303
2.967968	3.083083	3.278278
3.008008	3.143143	3.313313
2.997998	3.158158	3.278278
2.972973	3.183183	3.263263
2.962963	3.178178	3.298298
2.972973	3.168168	3.303303
3.018018	3.163163	3.418418
3.048048	3.168168	3.553554
3.018018	3.193193	3.473473
3.018018	3.168168	3.278278
3.028028	3.168168	3.298298
2.997998	3.213213	3.513514
2.977978	3.193193	3.408408
2.992993	3.158158	3.288288
3.008008	3.158158	3.303303
3.003003	3.148148	3.338338
3.008008	3.178178	3.303303
3.018018	3.213213	3.248248
3.028028	3.193193	3.278278
3.018018	3.163163	3.418418
3.033033	3.163163	3.348348
3.028028	3.178178	3.288288
3.028028	3.158158	3.263263
3.043043	3.183183	3.218218
3.003003	3.213213	3.258258
3.033033	3.203203	3.218218
3.013013	3.178178	3.178178
3.003003	3.088088	3.148148
3.013013	3.113113	3.148148
2.987988	3.168168	3.203203
3.013013	3.193193	3.193193
3.043043	3.158158	3.158158
3.038038	3.123123	3.143143
3.033033	3.123123	3.163163
3.008008	3.098098	3.043043
3.008008	3.118118	3.013013
2.897898	3.133133	3.098098
3.113113	3.178178	3.258258
3.148148	3.138138	3.263263
3.113113	3.158158	3.273273
2.927928	3.158158	3.313313
3.108108	3.118118	3.388388
3.083083	3.118118	3.463463
3.013013	3.143143	3.303303
3.013013	3.083083	3.288288
3.218218	3.108108	3.338338
3.108108	3.198198	3.323323
2.982983	3.138138	3.348348
2.992993	3.088088	3.323323
3.038038	3.138138	3.338338
3.033033	3.218218	3.303303
3.243243	3.218218	3.273273
3.123123	3.258258	3.323323
3.203203	3.183183	3.278278
3.098098	3.123123	3.358358
3.158158	3.033033	3.338338
3.108108	3.233233	3.298298
3.008008	3.233233	3.328328
3.158158	3.278278	3.248248
3.218218	3.098098	3.313313
3.298298	3.163163	3.303303
3.303303	3.113113	3.203203
3.288288	3.178178	3.078078
3.278278	3.113113	3.138138
3.243243	2.967968	3.108108
3.203203	3.048048	3.178178
3.138138	3.073073	3.233233
3.098098	3.073073	3.168168
3.073073	3.243243	3.058058
3.218218	3.248248	2.992993
3.243243	3.248248	3.013013
3.263263	3.243243	3.053053
3.168168	3.118118	3.008008
3.043043	3.008008	2.977978
3.043043	3.118118	2.977978
3.073073	3.313313	3.013013
2.977978	3.178178	3.073073
3.148148	2.972973	3.083083
3.113113	3.003003	3.033033
3.133133	2.997998	2.997998
3.158158	2.892893	3.113113
2.917918	2.822823	3.158158
2.767768	2.862863	3.143143
2.782783	2.862863	3.123123
2.852853	2.832833	3.098098
2.872873	2.842843	3.118118
2.842843	2.877878	3.143143
2.852853	2.867868	3.198198
2.877878	2.877878	3.183183
2.792793	2.842843	3.148148
2.782783	2.812813	3.183183
2.957958	2.792793	3.243243
3.018018	2.847848	3.243243
2.977978	2.927928	3.243243
3.013013	2.937938	3.248248
3.003003	3.018018	3.213213
2.977978	2.942943	3.278278
2.982983	2.967968	3.248248
2.987988	3.098098	3.248248
2.957958	3.118118	3.278278
3.018018	3.143143	3.313313
2.992993	3.158158	3.328328
2.947948	3.138138	3.323323
2.947948	3.158158	3.258258
3.003003	3.158158	3.258258
3.078078	3.158158	3.338338
3.073073	3.168168	3.408408
3.018018	3.163163	3.303303
3.018018	3.193193	3.233233
3.058058	3.148148	3.438438
3.018018	3.163163	3.418418
2.997998	3.193193	3.368368
3.018018	3.198198	3.368368
2.967968	3.183183	3.298298
2.957958	3.163163	3.298298
2.997998	3.198198	3.303303
3.018018	3.183183	3.213213
3.033033	3.193193	3.178178
3.013013	3.183183	3.278278
3.028028	3.183183	3.338338
2.987988	3.203203	3.278278
3.038038	3.203203	3.263263
3.048048	3.213213	3.258258
2.987988	3.198198	3.243243
3.003003	3.183183	3.278278
3.008008	3.133133	3.348348
2.997998	3.148148	3.323323
3.038038	3.183183	3.408408
2.982983	3.133133	3.263263
2.957958	3.148148	3.278278
3.028028	3.143143	3.368368
3.033033	3.138138	3.328328
3.043043	3.143143	3.133133
3.028028	3.138138	3.053053
3.003003	3.113113	3.158158
2.987988	3.113113	3.193193
2.832833	3.163163	3.123123
3.133133	3.118118	3.143143
3.528529	3.178178	3.328328
3.168168	3.198198	3.323323
3.263263	3.138138	3.323323
2.962963	3.138138	3.398398
2.952953	3.178178	3.313313
3.098098	3.133133	3.263263
3.388388	3.158158	3.288288
3.168168	3.138138	3.313313
2.962963	3.158158	3.298298
3.003003	3.203203	3.313313
3.118118	3.138138	3.358358
3.058058	3.258258	3.328328
3.008008	3.213213	3.368368
3.118118	3.118118	3.348348
3.263263	3.078078	3.303303
3.358358	3.138138	3.298298
3.178178	3.063063	3.273273
3.313313	3.133133	3.233233
2.952953	3.263263	3.348348
3.063063	3.243243	3.248248
3.233233	3.073073	3.233233
3.228228	3.083083	3.298298
3.218218	3.048048	3.198198
3.218218	3.113113	3.143143
3.248248	3.138138	3.118118
3.278278	3.033033	3.148148
3.118118	2.967968	3.213213
3.048048	3.008008	3.123123
3.158158	3.053053	3.168168
3.088088	3.138138	3.008008
3.078078	3.143143	2.972973
3.133133	3.148148	3.058058
3.113113	3.143143	3.073073
3.058058	3.108108	3.073073
3.033033	3.063063	3.008008
3.028028	3.018018	2.962963
3.123123	3.163163	2.987988
3.193193	3.398398	3.033033
3.453453	2.982983	3.093093
3.453453	3.008008	3.148148
3.138138	3.043043	3.098098
2.932933	2.917918	3.098098
2.942943	2.827828	3.118118
2.772773	2.867868	3.213213
2.802803	2.912913	3.203203
2.787788	2.837838	3.183183
2.812813	2.802803	3.248248
2.837838	2.807808	3.183183
2.847848	2.817818	3.138138
2.837838	2.827828	3.143143
2.812813	2.792793	3.073073
2.802803	2.807808	3.138138
2.962963	2.832833	3.248248
2.977978	2.867868	3.218218
2.957958	2.982983	3.228228
3.018018	2.927928	3.273273
3.008008	2.952953	3.233233
3.038038	3.033033	3.193193
3.033033	2.997998	3.178178
2.957958	3.163163	3.178178
2.917918	3.178178	3.233233
2.972973	3.148148	3.263263
3.018018	3.148148	3.313313
3.008008	3.083083	3.303303
3.033033	3.118118	3.258258
3.073073	3.198198	3.263263
3.053053	3.183183	3.288288
3.033033	3.183183	3.378378
3.013013	3.143143	3.408408
3.018018	3.178178	3.378378
3.033033	3.198198	3.473473
3.013013	3.193193	3.273273
2.997998	3.198198	3.263263
3.008008	3.163163	3.398398
2.967968	3.158158	3.328328
2.952953	3.193193	3.263263
2.987988	3.203203	3.263263
3.013013	3.198198	3.243243
3.028028	3.198198	3.148148
3.033033	3.213213	3.183183
3.028028	3.178178	3.278278
3.033033	3.158158	3.233233
3.078078	3.163163	3.213213
3.048048	3.203203	3.323323
2.987988	3.193193	3.323323
2.997998	3.168168	3.348348
3.048048	3.158158	3.528529
3.043043	3.163163	3.638639
2.992993	3.163163	3.498498
2.992993	3.138138	3.398398
3.003003	3.143143	3.338338
2.997998	3.138138	3.408408
2.997998	3.148148	3.553554
3.008008	3.158158	3.428428
2.997998	3.138138	3.248248
2.977978	3.158158	3.278278
2.977978	3.148148	3.203203
2.922923	3.163163	3.168168
2.787788	3.183183	3.323323
3.183183	3.178178	3.368368
3.203203	3.203203	3.313313
2.922923	3.193193	3.243243
2.887888	3.163163	3.288288
2.967968	3.273273	3.288288
2.982983	3.258258	3.278278
2.952953	3.203203	3.313313
3.183183	3.133133	3.303303
3.098098	3.218218	3.263263
3.073073	3.233233	3.368368
3.118118	3.108108	3.453453
3.123123	3.108108	3.408408
3.048048	3.213213	3.388388
3.148148	3.178178	3.328328
3.418418	3.193193	3.328328
3.163163	3.178178	3.243243
3.008008	3.163163	3.278278
3.573574	3.203203	3.273273
3.193193	3.263263	3.338338
3.053053	3.378378	3.288288
3.313313	3.073073	3.198198
3.243243	3.083083	3.183183
3.123123	3.013013	3.218218
3.163163	3.093093	3.163163
3.218218	3.048048	3.193193
3.298298	3.078078	3.113113
3.093093	2.982983	3.183183
3.083083	3.008008	3.133133
3.168168	3.233233	3.063063
3.193193	3.063063	3.123123
3.113113	3.213213	3.218218
3.093093	3.243243	3.123123
3.108108	3.243243	3.138138
3.008008	3.248248	3.113113
2.872873	3.168168	3.063063
2.927928	3.028028	3.043043
2.937938	3.093093	3.058058
3.008008	3.303303	3.168168
3.118118	3.118118	3.138138
3.033033	3.008008	3.123123
3.288288	2.957958	3.243243
2.952953	2.912913	3.378378
2.822823	2.837838	3.278278
2.762763	2.847848	3.198198
2.752753	2.882883	3.213213
2.807808	2.837838	3.198198
2.862863	2.822823	3.163163
2.877878	2.817818	3.123123
2.817818	2.822823	3.108108
2.817818	2.857858	3.163163
2.817818	2.817818	3.158158
2.832833	2.822823	3.213213
2.962963	2.927928	3.323323
2.982983	2.937938	3.278278
2.987988	2.977978	3.263263
3.008008	2.942943	3.258258
2.992993	2.937938	3.228228
3.028028	2.992993	3.368368
2.997998	2.922923	3.368368
2.957958	3.073073	3.273273
2.997998	3.203203	3.233233
3.028028	3.168168	3.263263
3.008008	3.183183	3.243243
3.018018	3.133133	3.198198
3.028028	3.123123	3.248248
3.043043	3.178178	3.408408
3.043043	3.183183	3.388388
3.043043	3.178178	3.323323
3.038038	3.138138	3.323323
3.053053	3.133133	3.328328
3.003003	3.198198	3.428428
2.967968	3.183183	3.428428
3.013013	3.183183	3.328328
3.003003	3.178178	3.378378
2.992993	3.168168	3.418418
3.038038	3.203203	3.368368
3.033033	3.213213	3.408408
3.013013	3.198198	3.488488
3.053053	3.193193	3.408408
3.048048	3.213213	3.328328
3.028028	3.198198	3.203203
3.048048	3.108108	3.258258
3.083083	3.133133	3.218218
3.063063	3.193193	3.203203
3.043043	3.198198	3.298298
3.013013	3.193193	3.303303
3.038038	3.213213	3.388388
3.008008	3.148148	3.408408
3.003003	3.148148	3.388388
3.033033	3.168168	3.368368
3.038038	3.163163	3.288288
3.008008	3.138138	3.323323
3.048048	3.143143	3.418418
3.043043	3.148148	3.513514
3.018018	3.138138	3.623624
3.038038	3.158158	3.438438
3.043043	3.168168	3.303303
2.992993	3.158158	3.168168
2.862863	3.198198	3.388388
2.952953	3.163163	3.348348
2.867868	3.198198	3.298298
2.762763	3.218218	3.273273
2.902903	3.168168	3.273273
3.108108	3.428428	3.273273
2.977978	3.338338	3.313313
2.837838	3.213213	3.328328
2.977978	3.143143	3.313313
3.053053	3.073073	3.263263
2.982983	3.108108	3.358358
3.133133	3.143143	3.388388
3.183183	3.203203	3.368368
3.148148	3.143143	3.368368
3.018018	3.118118	3.298298
3.108108	3.248248	3.243243
3.228228	3.288288	3.243243
3.013013	3.073073	3.243243
3.248248	3.138138	3.243243
3.088088	3.258258	3.218218
3.428428	3.348348	3.258258
3.263263	3.073073	3.378378
3.298298	3.088088	3.358358
3.323323	3.088088	3.338338
3.243243	3.058058	3.213213
3.243243	3.093093	3.228228
3.228228	3.043043	3.193193
3.083083	3.048048	3.123123
3.073073	2.987988	3.088088
3.113113	3.183183	3.028028
2.912913	3.083083	3.093093
3.043043	3.213213	3.138138
3.093093	3.278278	3.138138
3.078078	3.278278	3.133133
2.932933	3.203203	3.108108
2.962963	3.168168	3.088088
3.043043	3.093093	3.043043
3.158158	3.143143	3.013013
3.213213	3.233233	3.063063
3.248248	3.348348	3.123123
3.043043	2.977978	3.088088
3.028028	2.967968	3.088088
2.937938	2.942943	3.203203
2.727728	2.907908	3.038038
2.847848	2.837838	3.018018
2.902903	2.852853	3.063063
2.857858	2.857858	3.083083
2.842843	2.837838	3.123123
2.807808	2.832833	3.133133
2.752753	2.857858	3.138138
2.817818	2.887888	3.198198
2.817818	2.847848	3.193193
2.757758	2.852853	3.183183
2.862863	2.947948	3.278278
3.008008	2.952953	3.298298
2.977978	2.922923	3.328328
3.003003	2.917918	3.243243
2.982983	2.937938	3.228228
3.048048	2.952953	3.348348
2.997998	2.942943	3.348348
3.003003	3.083083	3.388388
3.013013	3.203203	3.368368
3.018018	3.183183	3.408408
3.048048	3.198198	3.348348
3.058058	3.163163	3.323323
3.018018	3.148148	3.303303
2.997998	3.163163	3.263263
3.033033	3.158158	3.288288
3.003003	3.178178	3.358358
2.997998	3.163163	3.313313
3.033033	3.098098	3.303303
2.997998	3.148148	3.348348
3.008008	3.178178	3.273273
2.992993	3.168168	3.233233
2.997998	3.213213	3.228228
3.048048	3.213213	3.258258
3.053053	3.203203	3.288288
3.043043	3.218218	3.368368
3.028028	3.198198	3.463463
3.018018	3.168168	3.418418
3.033033	3.203203	3.378378
3.038038	3.243243	3.338338
3.043043	3.168168	3.378378
3.058058	3.143143	3.288288
3.048048	3.193193	3.298298
3.013013	3.168168	3.303303
2.997998	3.193193	3.303303
3.033033	3.218218	3.263263
3.013013	3.168168	3.233233
2.977978	3.138138	3.313313
3.003003	3.168168	3.313313
3.038038	3.168168	3.288288
3.038038	3.158158	3.338338
3.018018	3.158158	3.368368
3.028028	3.148148	3.418418
3.033033	3.123123	3.623624
3.033033	3.138138	3.588589
3.033033	3.118118	3.323323
2.997998	3.123123	3.178178
2.997998	3.158158	3.258258
2.877878	3.178178	3.323323
2.877878	3.203203	3.298298
2.902903	3.183183	3.313313
3.008008	3.273273	3.323323
2.997998	3.388388	3.338338
2.942943	3.388388	3.358358
3.003003	3.193193	3.348348
3.003003	3.078078	3.463463
3.098098	3.033033	3.358358
3.033033	3.063063	3.303303
3.158158	3.203203	3.323323
3.098098	3.328328	3.323323
3.088088	3.143143	3.348348
3.038038	3.053053	3.303303
3.038038	3.108108	3.263263
3.038038	3.273273	3.313313
3.163163	3.288288	3.258258
3.138138	3.113113	3.273273
3.183183	3.198198	3.248248
3.273273	3.158158	3.198198
3.278278	3.108108	3.233233
3.313313	3.063063	3.228228
3.233233	3.078078	3.248248
3.198198	2.987988	3.258258
3.213213	3.093093	3.158158
3.133133	3.053053	3.203203
3.063063	3.008008	3.203203
3.018018	2.967968	3.198198
3.098098	3.073073	3.233233
3.058058	3.033033	3.028028
3.123123	3.098098	3.053053
3.058058	3.118118	3.038038
3.043043	3.133133	3.093093
2.927928	3.233233	3.093093
2.972973	3.138138	3.123123
3.098098	3.043043	3.083083
3.218218	3.203203	3.013013
3.053053	3.198198	3.048048
3.083083	3.313313	2.992993
3.213213	3.148148	3.013013
3.028028	2.977978	2.982983
2.892893	2.902903	2.972973
2.792793	2.937938	3.003003
2.812813	2.882883	3.003003
2.807808	2.902903	3.073073
2.867868	2.872873	3.143143
2.852853	2.822823	3.298298
2.787788	2.822823	3.218218
2.747748	2.832833	3.158158
2.762763	2.862863	3.148148
2.817818	2.867868	3.178178
2.817818	2.857858	3.143143
2.827828	2.882883	3.133133
3.018018	2.912913	3.243243
3.018018	2.937938	3.228228
2.982983	2.917918	3.198198
2.982983	2.932933	3.258258
3.003003	2.952953	3.358358
3.003003	3.043043	3.463463
3.003003	3.108108	3.328328
2.997998	3.198198	3.288288
3.028028	3.203203	3.338338
3.018018	3.193193	3.298298
3.043043	3.158158	3.328328
3.033033	3.193193	3.398398
3.038038	3.193193	3.368368
3.043043	3.168168	3.273273
2.992993	3.178178	3.193193
2.972973	3.198198	3.248248
2.977978	3.148148	3.278278
3.038038	3.198198	3.233233
3.048048	3.203203	3.358358
3.003003	3.163163	3.323323
3.018018	3.213213	3.213213
3.028028	3.228228	3.193193
3.013013	3.218218	3.233233
3.018018	3.183183	3.288288
3.043043	3.178178	3.348348
3.033033	3.198198	3.348348
3.018018	3.203203	3.338338
3.053053	3.233233	3.313313
3.083083	3.213213	3.298298
3.063063	3.163163	3.313313
3.058058	3.168168	3.303303
3.063063	3.158158	3.298298
3.018018	3.168168	3.368368
3.048048	3.198198	3.183183
3.053053	3.198198	3.228228
3.008008	3.168168	3.273273
3.053053	3.158158	3.228228
3.058058	3.178178	3.278278
3.028028	3.158158	3.273273
3.013013	3.138138	3.288288
3.038038	3.123123	3.273273
3.048048	3.108108	3.328328
3.053053	3.123123	3.298298
3.073073	3.098098	3.378378
3.038038	3.113113	3.398398
2.952953	3.158158	3.313313
2.822823	3.178178	3.338338
2.807808	3.213213	3.338338
3.063063	3.183183	3.328328
3.053053	3.398398	3.278278
3.113113	3.203203	3.313313
2.952953	3.183183	3.313313
2.972973	3.233233	3.338338
2.987988	3.033033	3.348348
2.937938	3.118118	3.378378
2.992993	3.158158	3.438438
3.073073	3.178178	3.398398
3.053053	3.193193	3.428428
3.018018	3.193193	3.378378
3.093093	3.088088	3.338338
2.937938	3.053053	3.313313
3.163163	3.093093	3.298298
2.957958	3.348348	3.258258
3.058058	3.218218	3.233233
3.388388	3.158158	3.198198
3.178178	3.178178	3.178178
3.298298	3.148148	3.328328
3.313313	3.073073	3.313313
3.288288	3.043043	3.263263
3.198198	3.008008	3.158158
3.163163	3.038038	3.028028
3.093093	3.053053	3.278278
3.123123	3.038038	3.288288
3.123123	2.982983	3.168168
3.143143	3.198198	3.178178
3.098098	3.018018	3.038038
3.093093	3.053053	3.118118
3.008008	3.133133	3.133133
3.108108	3.183183	3.298298
3.063063	3.148148	3.323323
2.972973	3.003003	3.138138
3.018018	3.008008	3.098098
3.243243	3.133133	3.038038
3.303303	3.158158	2.942943
3.148148	2.982983	3.038038
3.018018	3.328328	3.133133
3.008008	3.058058	3.048048
2.902903	2.902903	3.013013
2.827828	2.917918	3.048048
2.862863	2.922923	3.048048
2.807808	2.897898	2.992993
2.837838	2.907908	3.123123
2.842843	2.827828	3.163163
2.787788	2.817818	3.168168
2.782783	2.812813	3.168168
2.822823	2.847848	3.143143
2.852853	2.877878	3.163163
2.807808	2.847848	3.218218
2.817818	2.857858	3.228228
3.063063	2.892893	3.228228
3.043043	2.912913	3.278278
3.018018	2.957958	3.328328
3.008008	2.992993	3.213213
2.987988	2.947948	3.263263
3.033033	3.003003	3.408408
3.013013	3.078078	3.573574
2.992993	3.193193	3.418418
2.992993	3.243243	3.278278
2.947948	3.198198	3.328328
2.977978	3.198198	3.323323
3.058058	3.233233	3.303303
3.033033	3.228228	3.273273
3.038038	3.193193	3.258258
3.048048	3.168168	3.348348
3.038038	3.198198	3.328328
3.003003	3.183183	3.323323
3.053053	3.163163	3.263263
3.093093	3.183183	3.258258
3.063063	3.183183	3.248248
3.028028	3.198198	3.193193
3.028028	3.203203	3.213213
3.043043	3.198198	3.258258
3.033033	3.163163	3.248248
3.043043	3.178178	3.263263
3.038038	3.198198	3.338338
3.058058	3.213213	3.248248
3.063063	3.213213	3.278278
3.063063	3.213213	3.408408
3.058058	3.203203	3.408408
3.033033	3.178178	3.328328
3.053053	3.163163	3.298298
3.063063	3.168168	3.248248
3.078078	3.203203	3.213213
3.003003	3.203203	3.323323
3.018018	3.178178	3.248248
3.018018	3.148148	3.183183
2.997998	3.148148	3.213213
3.008008	3.133133	3.228228
3.008008	3.113113	3.243243
3.048048	3.138138	3.243243
3.063063	3.133133	3.218218
3.058058	3.143143	3.228228
3.063063	3.138138	3.263263
3.003003	3.118118	3.278278
3.013013	3.183183	3.243243
3.083083	3.138138	3.368368
2.892893	3.233233	3.368368
3.063063	3.463463	3.358358
3.073073	3.273273	3.338338
3.053053	3.108108	3.273273
3.083083	3.113113	3.258258
3.088088	3.358358	3.298298
3.038038	3.218218	3.278278
3.013013	3.118118	3.348348
2.992993	3.183183	3.488488
3.073073	3.213213	3.473473
3.088088	3.098098	3.428428
3.093093	3.093093	3.368368
3.083083	3.228228	3.338338
2.882883	3.083083	3.408408
3.058058	3.053053	3.218218
3.018018	3.198198	3.298298
3.053053	3.108108	3.133133
3.178178	3.178178	3.168168
3.008008	3.258258	3.168168
3.263263	3.193193	3.328328
3.243243	3.123123	3.358358
3.203203	3.058058	3.063063
3.193193	2.997998	3.323323
3.198198	3.048048	3.148148
3.063063	2.997998	3.098098
3.168168	3.003003	3.273273
3.108108	3.183183	3.138138
3.158158	3.428428	3.058058
3.083083	3.313313	3.143143
3.008008	3.288288	3.123123
3.008008	3.218218	3.043043
3.038038	3.163163	3.093093
3.158158	3.148148	3.213213
3.163163	3.093093	3.313313
3.108108	3.093093	3.298298
3.183183	3.123123	3.273273
3.288288	3.248248	3.118118
3.148148	3.123123	3.063063
3.008008	3.298298	3.063063
2.872873	3.193193	3.118118
2.827828	2.887888	3.298298
2.772773	2.927928	3.398398
2.797798	2.882883	3.123123
2.812813	2.857858	3.113113
2.862863	2.882883	3.053053
2.837838	2.832833	3.008008
2.777778	2.822823	3.108108
2.797798	2.817818	3.213213
2.857858	2.847848	3.258258
2.882883	2.842843	3.243243
2.812813	2.827828	3.183183
2.792793	2.827828	3.218218
3.018018	2.852853	3.243243
3.013013	2.887888	3.178178
2.972973	2.952953	3.123123
2.987988	3.033033	3.213213
2.987988	3.003003	3.298298
2.982983	3.003003	3.338338
2.972973	3.093093	3.263263
2.952953	3.158158	3.303303
2.952953	3.218218	3.398398
2.942943	3.228228	3.303303
2.962963	3.213213	3.348348
3.038038	3.218218	3.348348
3.048048	3.228228	3.243243
3.038038	3.193193	3.263263
3.008008	3.158158	3.243243
3.008008	3.183183	3.233233
3.008008	3.178178	3.298298
3.043043	3.138138	3.288288
3.028028	3.163163	3.263263
3.033033	3.198198	3.243243
3.053053	3.203203	3.248248
3.013013	3.178178	3.213213
3.043043	3.178178	3.233233
3.053053	3.193193	3.258258
3.038038	3.213213	3.303303
3.028028	3.218218	3.338338
3.048048	3.218218	3.338338
3.048048	3.213213	3.348348
3.063063	3.213213	3.303303
3.058058	3.228228	3.263263
3.053053	3.213213	3.233233
3.058058	3.193193	3.288288
3.048048	3.163163	3.298298
2.987988	3.183183	3.303303
2.982983	3.213213	3.218218
3.008008	3.148148	3.088088
2.972973	3.158158	3.053053
2.972973	3.198198	3.158158
3.003003	3.183183	3.233233
3.013013	3.143143	3.243243
3.028028	3.143143	3.273273
3.038038	3.158158	3.233233
3.053053	3.118118	3.228228
3.063063	3.113113	3.278278
3.043043	3.113113	3.388388
3.053053	3.193193	3.428428
3.003003	3.083083	3.348348
2.982983	3.248248	3.328328
2.777778	3.143143	3.288288
3.073073	3.118118	3.218218
3.073073	3.083083	3.228228
3.098098	3.183183	3.263263
3.088088	3.498498	3.323323
3.053053	3.388388	3.243243
2.977978	3.178178	3.258258
3.008008	3.168168	3.378378
3.038038	3.248248	3.328328
3.088088	3.183183	3.288288
3.123123	3.138138	3.263263
3.083083	3.263263	3.278278
2.917918	3.218218	3.203203
3.013013	3.118118	3.328328
2.952953	3.288288	3.243243
2.972973	3.178178	3.193193
3.093093	3.278278	3.213213
3.043043	3.158158	3.183183
