Channel 1	Channel 2
0.000000	4.625868
0.005005	4.621223
0.010010	4.612093
0.015015	4.613855
0.020020	4.618981
0.025025	4.624106
0.030030	4.627470
0.035035	4.631794
0.040040	4.634757
0.045045	4.632755
0.050050	4.629151
0.055055	4.627390
0.060060	4.626909
0.065065	4.624747
0.070070	4.623065
0.075075	4.626028
0.080080	4.628190
0.085085	4.625868
0.090090	4.625948
0.095095	4.628270
0.100100	4.631474
0.105105	4.631714
0.110110	4.633796
0.115115	4.639242
0.120120	4.643086
0.125125	4.643407
0.130130	4.641725
0.135135	4.641164
0.140140	4.637160
0.145145	4.631874
0.150150	4.627710
0.155155	4.629872
0.160160	4.635238
0.165165	4.646209
0.170170	4.647411
0.175175	4.642125
0.180180	4.635798
0.185185	4.633796
0.190190	4.638521
0.195195	4.647171
0.200200	4.648692
0.205205	4.644287
0.210210	4.635478
0.215215	4.634918
0.220220	4.642526
0.225225	4.645969
0.230230	4.635959
0.235235	4.627470
0.240240	4.630753
0.245245	4.639803
0.250250	4.636199
0.255255	4.626268
0.260260	4.624506
0.265265	4.638041
0.270270	4.639562
0.275275	4.625548
0.280280	4.623385
0.285285	4.638762
0.290290	4.642526
0.295295	4.629552
0.300300	4.624186
0.305305	4.634277
0.310310	4.642606
0.315315	4.629472
0.320320	4.620662
0.325325	4.626348
0.330330	4.632195
0.335335	4.625788
0.340340	4.617859
0.345345	4.617459
0.350350	4.626108
0.355355	4.625147
0.360360	4.617459
0.365365	4.608650
0.370370	4.607048
0.375375	4.611373
0.380380	4.601202
0.385385	4.618740
0.390390	4.602723
0.395395	4.613775
0.400400	4.608970
0.405405	4.607528
0.410410	4.605126
0.415415	4.612974
0.420420	4.598159
0.425425	4.616738
0.430430	4.596957
0.435435	4.611052
0.440440	4.610171
0.445445	4.598479
0.450450	4.615377
0.455455	4.606648
0.460460	4.599039
0.465465	4.615457
0.470470	4.612013
0.475475	4.598719
0.480480	4.609210
0.485485	4.615377
0.490490	4.601842
0.495495	4.593674
0.500501	4.604565
0.505506	4.610652
0.510511	4.601842
0.515516	4.592473
0.520521	4.591752
0.525526	4.593273
0.530531	4.602083
0.535536	4.610412
0.540541	4.600801
0.545546	4.595676
0.550551	4.593193
0.555556	4.591351
0.560561	4.590070
0.565566	4.593353
0.570571	4.598639
0.575576	4.601442
0.580581	4.598479
0.585586	4.599600
0.590591	4.600401
0.595596	4.598799
0.600601	4.595596
0.605606	4.595516
0.610611	4.594715
0.615616	4.589189
0.620621	4.585265
0.625626	4.583023
0.630631	4.579178
0.635636	4.575094
0.640641	4.573092
0.645646	4.572772
0.650651	4.577977
0.655656	4.583183
0.660661	4.584144
0.665666	4.580139
0.670671	4.574453
0.675676	4.568767
0.680681	4.563802
0.685686	4.567006
0.690691	4.574373
0.695696	4.575895
0.700701	4.570049
0.705706	4.559558
0.710711	4.560038
0.715716	4.569889
0.720721	4.570369
0.725726	4.561239
0.730731	4.551469
0.735736	4.557876
0.740741	4.559958
0.745746	4.548426
0.750751	4.542419
0.755756	4.554833
0.760761	4.551870
0.765766	4.536013
0.770771	4.540898
0.775776	4.551229
0.780781	4.539376
0.785786	4.535372
0.790791	4.546824
0.795796	4.536253
0.800801	4.532169
0.805806	4.544261
0.810811	4.535532
0.815816	4.529286
0.820821	4.538736
0.825826	4.525842
0.830831	4.520236
0.835836	4.531928
0.840841	4.520396
0.845846	4.518394
0.850851	4.525201
0.855856	4.510546
0.860861	4.508464
0.865866	4.518314
0.870871	4.508143
0.875876	4.512067
0.880881	4.514150
0.885886	4.500135
0.890891	4.516792
0.895896	4.503658
0.900901	4.515511
0.905906	4.504059
0.910911	4.509024
0.915916	4.511907
0.920921	4.499814
0.925926	4.513108
0.930931	4.506782
0.935936	4.501656
0.940941	4.512388
0.945946	4.507022
0.950951	4.495890
0.955956	4.503498
0.960961	4.508704
0.965966	4.499574
0.970971	4.492447
0.975976	4.496211
0.980981	4.502057
0.985986	4.498213
0.990991	4.482836
0.995996	4.478031
1.001001	4.486120
1.006006	4.491566
1.011011	4.489403
1.016016	4.484198
1.021021	4.477230
1.026026	4.469382
1.031031	4.469943
1.036036	4.469783
1.041041	4.474187
1.046046	4.473947
1.051051	4.475388
1.056056	4.478912
1.061061	4.477791
1.066066	4.474908
1.071071	4.471865
1.076076	4.472425
1.081081	4.466819
1.086086	4.464337
1.091091	4.461854
1.096096	4.463376
1.101101	4.458010
1.106106	4.454086
1.111111	4.450802
1.116116	4.448400
1.121121	4.441593
1.126126	4.433424
1.131131	4.428138
1.136136	4.426296
1.141141	4.425576
1.146146	4.426537
1.151151	4.427898
1.156156	4.430701
1.161161	4.431342
1.166166	4.420450
1.171171	4.411321
1.176176	4.404513
1.181181	4.406435
1.186186	4.414924
1.191191	4.414204
1.196196	4.406996
1.201201	4.395224
1.206206	4.389297
1.211211	4.392821
1.216216	4.397226
1.221221	4.389537
1.226226	4.376083
1.231231	4.369676
1.236236	4.373521
1.241241	4.373921
1.246246	4.362709
1.251251	4.349895
1.256256	4.352138
1.261261	4.358465
1.266266	4.352939
1.271271	4.337082
1.276276	4.334599
1.281281	4.343729
1.286286	4.339645
1.291291	4.325309
1.296296	4.320264
1.301301	4.323147
1.306306	4.321225
1.311311	4.308171
1.316316	4.299362
1.321321	4.303606
1.326326	4.299923
1.331331	4.285267
1.336336	4.278220
1.341341	4.280142
1.346346	4.279821
1.351351	4.270932
1.356356	4.256356
1.361361	4.250190
1.366366	4.249069
1.371371	4.248588
1.376376	4.246426
1.381381	4.239138
1.386386	4.225924
1.391391	4.225524
1.396396	4.216554
1.401401	4.211108
1.406406	4.204622
1.411411	4.208786
1.416416	4.193089
1.421421	4.202459
1.426426	4.183079
1.431431	4.189726
1.436436	4.177553
1.441441	4.172347
1.446446	4.173789
1.451451	4.158893
1.456456	4.161936
1.461461	4.160335
1.466466	4.144478
1.471471	4.141755
1.476476	4.142556
1.481481	4.129983
1.486486	4.118851
1.491491	4.119732
1.496496	4.120613
1.501502	4.107158
1.506507	4.092823
1.511512	4.091622
1.516517	4.094825
1.521522	4.085616
1.526527	4.072722
1.531532	4.064313
1.536537	4.058787
1.541542	4.055263
1.546547	4.053742
1.551552	4.055023
1.556557	4.048857
1.561562	4.041249
1.566567	4.034522
1.571572	4.027554
1.576577	4.016262
1.581582	4.008494
1.586587	4.001927
1.591592	3.995120
1.596597	3.985750
1.601602	3.980304
1.606607	3.973096
1.611612	3.965569
1.616617	3.957400
1.621622	3.951634
1.626627	3.948510
1.631632	3.942424
1.636637	3.936097
1.641642	3.930652
1.646647	3.922643
1.651652	3.915355
1.656657	3.901421
1.661662	3.888687
1.666667	3.877956
1.671672	3.874272
1.676677	3.871389
1.681682	3.867545
1.686687	3.859536
1.691692	3.846242
1.696697	3.834870
1.701702	3.830225
1.706707	3.827422
1.711712	3.820295
1.716717	3.806200
1.721722	3.795148
1.726727	3.791464
1.731732	3.786659
1.736737	3.774566
1.741742	3.759270
1.746747	3.755026
1.751752	3.753664
1.756757	3.737567
1.761762	3.723392
1.766767	3.721630
1.771772	3.716185
1.776777	3.700007
1.781782	3.695923
1.786787	3.691599
1.791792	3.674220
1.796797	3.667813
1.801802	3.666372
1.806807	3.649714
1.811812	3.642266
1.816817	3.637381
1.821822	3.619522
1.826827	3.612795
1.831832	3.609271
1.836837	3.591733
1.841842	3.584926
1.846847	3.579400
1.851852	3.560980
1.856857	3.555535
1.861862	3.548007
1.866867	3.532710
1.871872	3.524141
1.876877	3.512049
1.881882	3.503800
1.886887	3.505161
1.891892	3.489705
1.896897	3.489865
1.901902	3.471205
1.906907	3.473688
1.911912	3.456069
1.916917	3.450143
1.921922	3.444297
1.926927	3.425157
1.931932	3.425157
1.936937	3.416988
1.941942	3.399850
1.946947	3.396406
1.951952	3.392162
1.956957	3.373983
1.961962	3.363091
1.966967	3.361009
1.971972	3.349397
1.976977	3.333780
1.981982	3.323770
1.986987	3.318724
1.991992	3.309514
1.996997	3.296300
2.002002	3.281645
2.007007	3.268751
2.012012	3.260342
2.017017	3.254016
2.022022	3.246888
2.027027	3.234395
2.032032	3.223103
2.037037	3.210930
2.042042	3.198918
2.047047	3.187866
2.052052	3.178496
2.057057	3.169526
2.062062	3.158795
2.067067	3.147583
2.072072	3.138133
2.077077	3.127882
2.082082	3.116350
2.087087	3.105299
2.092092	3.095368
2.097097	3.083275
2.102102	3.069260
2.107107	3.057648
2.112112	3.047317
2.117117	3.035625
2.122122	3.022891
2.127127	3.013041
2.132132	3.002150
2.137137	2.994061
2.142142	2.982929
2.147147	2.971237
2.152152	2.959705
2.157157	2.946651
2.162162	2.933757
2.167167	2.918301
2.172172	2.907329
2.177177	2.899641
2.182182	2.891072
2.187187	2.878499
2.192192	2.863443
2.197197	2.850229
2.202202	2.838857
2.207207	2.829327
2.212212	2.819877
2.217217	2.804421
2.222222	2.789445
2.227227	2.777112
2.232232	2.768302
2.237237	2.755729
2.242242	2.737790
2.247247	2.721133
2.252252	2.711282
2.257257	2.703354
2.262262	2.688618
2.267267	2.672361
2.272272	2.659307
2.277277	2.652580
2.282282	2.642810
2.287287	2.625271
2.292292	2.611176
2.297297	2.600845
2.302302	2.590915
2.307307	2.575539
2.312312	2.559282
2.317317	2.549912
2.322322	2.537098
2.327327	2.519880
2.332332	2.504824
2.337337	2.494974
2.342342	2.482400
2.347347	2.467985
2.352352	2.450767
2.357357	2.438674
2.362362	2.427622
2.367367	2.416170
2.372372	2.401515
2.377377	2.387580
2.382382	2.372044
2.387387	2.360592
2.392392	2.343133
2.397397	2.336166
2.402402	2.316545
2.407407	2.308216
2.412412	2.291959
2.417417	2.283230
2.422422	2.266733
2.427427	2.257523
2.432432	2.241986
2.437437	2.230454
2.442442	2.220284
2.447447	2.202905
2.452452	2.193776
2.457457	2.180321
2.462462	2.164545
2.467467	2.153813
2.472472	2.142121
2.477477	2.124983
2.482482	2.113691
2.487487	2.104241
2.492492	2.090306
2.497497	2.073809
2.502503	2.060835
2.507508	2.048903
2.512513	2.035849
2.517518	2.021914
2.522523	2.006298
2.527528	1.994685
2.532533	1.984675
2.537538	1.972502
2.542543	1.957366
2.547548	1.945513
2.552553	1.932700
2.557558	1.918925
2.562563	1.905952
2.567568	1.895220
2.572573	1.882567
2.577578	1.868712
2.582583	1.856860
2.587588	1.844367
2.592593	1.830672
2.597598	1.818019
2.602603	1.805285
2.607608	1.791831
2.612613	1.777976
2.617618	1.765483
2.622623	1.752109
2.627628	1.739776
2.632633	1.726242
2.637638	1.712067
2.642643	1.700214
2.647648	1.688122
2.652653	1.676189
2.657658	1.663215
2.662663	1.650242
2.667668	1.639190
2.672673	1.626617
2.677678	1.612762
2.682683	1.599949
2.687688	1.587295
2.692693	1.577365
2.697698	1.564952
2.702703	1.551577
2.707708	1.538043
2.712713	1.527072
2.717718	1.515139
2.722723	1.504167
2.727728	1.490073
2.732733	1.476698
2.737738	1.464766
2.742743	1.453554
2.747748	1.441141
2.752753	1.427046
2.757758	1.415834
2.762763	1.404622
2.767768	1.391248
2.772773	1.379476
2.777778	1.369225
2.782783	1.356572
2.787788	1.344078
2.792793	1.333587
2.797798	1.322616
2.802803	1.311484
2.807808	1.300833
2.812813	1.287699
2.817818	1.275206
2.822823	1.264955
2.827828	1.253663
2.832833	1.241730
2.837838	1.230839
2.842843	1.218666
2.847848	1.207374
2.852853	1.196723
2.857858	1.185591
2.862863	1.175100
2.867868	1.164529
2.872873	1.151715
2.877878	1.140584
2.882883	1.132815
2.887888	1.119602
2.892893	1.110472
2.897898	1.099260
2.902903	1.088769
2.907908	1.079639
2.912913	1.069308
2.917918	1.059458
2.922923	1.050328
2.927928	1.040078
2.932933	1.028465
2.937938	1.019736
2.942943	1.008765
2.947948	0.999955
2.952953	0.990185
2.957958	0.979854
2.962963	0.969683
2.967968	0.960393
2.972973	0.950623
2.977978	0.940693
2.982983	0.930842
2.987988	0.920752
2.992993	0.911222
2.997998	0.902492
3.003003	0.892802
3.008008	0.882311
3.013013	0.873502
3.018018	0.864132
3.023023	0.854682
3.028028	0.845873
3.033033	0.837143
3.038038	0.827854
3.043043	0.819044
3.048048	0.810155
3.053053	0.801105
3.058058	0.792296
3.063063	0.783647
3.068068	0.774998
3.073073	0.766589
3.078078	0.757379
3.083083	0.748650
3.088088	0.740642
3.093093	0.732713
3.098098	0.723824
3.103103	0.715095
3.108108	0.707406
3.113113	0.699158
3.118118	0.690669
3.123123	0.682420
3.128128	0.674572
3.133133	0.667044
3.138138	0.659676
3.143143	0.650947
3.148148	0.643579
3.153153	0.636211
3.158158	0.628443
3.163163	0.620275
3.168168	0.612666
3.173173	0.605139
3.178178	0.598251
3.183183	0.590964
3.188188	0.583836
3.193193	0.576388
3.198198	0.569821
3.203203	0.562694
3.208208	0.555806
3.213213	0.548439
3.218218	0.541231
3.223223	0.534504
3.228228	0.527376
3.233233	0.520649
3.238238	0.513522
3.243243	0.506635
3.248248	0.499667
3.253253	0.493581
3.258258	0.487334
3.263263	0.480367
3.268268	0.473880
3.273273	0.468274
3.278278	0.462268
3.283283	0.455781
3.288288	0.449294
3.293293	0.443848
3.298298	0.437842
3.303303	0.432316
3.308308	0.425829
3.313313	0.419182
3.318318	0.413656
3.323323	0.408131
3.328328	0.402204
3.333333	0.396759
3.338338	0.391153
3.343343	0.385307
3.348348	0.379861
3.353353	0.373854
3.358358	0.369129
3.363363	0.363524
3.368368	0.358078
3.373373	0.352792
3.378378	0.347907
3.383383	0.343022
3.388388	0.337896
3.393393	0.332691
3.398398	0.327726
3.403403	0.322520
3.408408	0.318196
3.413413	0.313711
3.418418	0.308986
3.423423	0.304581
3.428428	0.299536
3.433433	0.294971
3.438438	0.291047
3.443443	0.286242
3.448448	0.282318
3.453453	0.278073
3.458458	0.273268
3.463463	0.269184
3.468468	0.265340
3.473473	0.260775
3.478478	0.256931
3.483483	0.252847
3.488488	0.249083
3.493493	0.244758
3.498498	0.240914
3.503504	0.236990
3.508509	0.233386
3.513514	0.229702
3.518519	0.225778
3.523524	0.222254
3.528529	0.218891
3.533534	0.215367
3.538539	0.211763
3.543544	0.208480
3.548549	0.205196
3.553554	0.201513
3.558559	0.198469
3.563564	0.195266
3.568569	0.192063
3.573574	0.188699
3.578579	0.185736
3.583584	0.182532
3.588589	0.179409
3.593594	0.176206
3.598599	0.173083
3.603604	0.170520
3.608609	0.167397
3.613614	0.164513
3.618619	0.161711
3.623624	0.158908
3.628629	0.156105
3.633634	0.153622
3.638639	0.150979
3.643644	0.148016
3.648649	0.145614
3.653654	0.142891
3.658659	0.140408
3.663664	0.138086
3.668669	0.135523
3.673674	0.133200
3.678679	0.130798
3.683684	0.128315
3.688689	0.126153
3.693694	0.123831
3.698699	0.121668
3.703704	0.119506
3.708709	0.117424
3.713714	0.115261
3.718719	0.113099
3.723724	0.110857
3.728729	0.109015
3.733734	0.107013
3.738739	0.104850
3.743744	0.103089
3.748749	0.101006
3.753754	0.099245
3.758759	0.097483
3.763764	0.095481
3.768769	0.093799
3.773774	0.091877
3.778779	0.090275
3.783784	0.088513
3.788789	0.087072
3.793794	0.085390
3.798799	0.083708
3.803804	0.082106
3.808809	0.080585
3.813814	0.079143
3.818819	0.077622
3.823824	0.076020
3.828829	0.074579
3.833834	0.072977
3.838839	0.071696
3.843844	0.070334
3.848849	0.068893
3.853854	0.067451
3.858859	0.066170
3.863864	0.064728
3.868869	0.063447
3.873874	0.062165
3.878879	0.061124
3.883884	0.059843
3.888889	0.058722
3.893894	0.057440
3.898899	0.056560
3.903904	0.055438
3.908909	0.054477
3.913914	0.053196
3.918919	0.052075
3.923924	0.051194
3.928929	0.049993
3.933934	0.049032
3.938939	0.048071
3.943944	0.047270
3.948949	0.046068
3.953954	0.045188
3.958959	0.044146
3.963964	0.043346
3.968969	0.042304
3.973974	0.041584
3.978979	0.040623
3.983984	0.039902
3.988989	0.038861
3.993994	0.038220
3.998999	0.037499
4.004004	0.036618
4.009009	0.035898
4.014014	0.035017
4.019019	0.034216
4.024024	0.033575
4.029029	0.032855
4.034034	0.032294
4.039039	0.031493
4.044044	0.030852
4.049049	0.030292
4.054054	0.029491
4.059059	0.028930
4.064064	0.028210
4.069069	0.027809
4.074074	0.027088
4.079079	0.026528
4.084084	0.026127
4.089089	0.025487
4.094094	0.024766
4.099099	0.024446
4.104104	0.023805
4.109109	0.023324
4.114114	0.022924
4.119119	0.022283
4.124124	0.021883
4.129129	0.021402
4.134134	0.021082
4.139139	0.020521
4.144144	0.020121
4.149149	0.019560
4.154154	0.019000
4.159159	0.018760
4.164164	0.018359
4.169169	0.018039
4.174174	0.017719
4.179179	0.017238
4.184184	0.016838
4.189189	0.016437
4.194194	0.016197
4.199199	0.015877
4.204204	0.015316
4.209209	0.015076
4.214214	0.014595
4.219219	0.014435
4.224224	0.014195
4.229229	0.013874
4.234234	0.013634
4.239239	0.013234
4.244244	0.012994
4.249249	0.012673
4.254254	0.012513
4.259259	0.012113
4.264264	0.011632
4.269269	0.011472
4.274274	0.011232
4.279279	0.010911
4.284284	0.010831
4.289289	0.010751
4.294294	0.010511
4.299299	0.010110
4.304304	0.009870
4.309309	0.009630
4.314314	0.009390
4.319319	0.008989
4.324324	0.008989
4.329329	0.008829
4.334334	0.008509
4.339339	0.008429
4.344344	0.008188
4.349349	0.008028
4.354354	0.007948
4.359359	0.007548
4.364364	0.007708
4.369369	0.007548
4.374374	0.007147
4.379379	0.007067
4.384384	0.007067
4.389389	0.006747
4.394394	0.006747
4.399399	0.006507
4.404404	0.006347
4.409409	0.006106
4.414414	0.005946
4.419419	0.005866
4.424424	0.005866
4.429429	0.005626
4.434434	0.005386
4.439439	0.005466
4.444444	0.005386
4.449449	0.005225
4.454454	0.005145
4.459459	0.005065
4.464464	0.004985
4.469469	0.004825
4.474474	0.004825
4.479479	0.004505
4.484484	0.004665
4.489489	0.004505
4.494494	0.004344
4.499499	0.004344
4.504505	0.004184
4.509510	0.004264
4.514515	0.004104
4.519520	0.004104
4.524525	0.003864
4.529530	0.003944
4.534535	0.003624
4.539540	0.003864
4.544545	0.003624
4.549550	0.003624
4.554555	0.003544
4.559560	0.003463
4.564565	0.003303
4.569570	0.003383
4.574575	0.003063
4.579580	0.003223
4.584585	0.003223
4.589590	0.002983
4.594595	0.002983
4.599600	0.002903
4.604605	0.002903
4.609610	0.002823
4.614615	0.002663
4.619620	0.002743
4.624625	0.002743
4.629630	0.002583
4.634635	0.002663
4.639640	0.002583
4.644645	0.002422
4.649650	0.002422
4.654655	0.002502
4.659660	0.002422
4.664665	0.002502
4.669670	0.002182
4.674675	0.002262
4.679680	0.002182
4.684685	0.002102
4.689690	0.002022
4.694695	0.001942
4.699700	0.001942
4.704705	0.002022
4.709710	0.002102
4.714715	0.002022
4.719720	0.002022
4.724725	0.001942
4.729730	0.001862
4.734735	0.001782
4.739740	0.001782
4.744745	0.001942
4.749750	0.001702
4.754755	0.001942
4.759760	0.001622
4.764765	0.001702
4.769770	0.001702
4.774775	0.001702
4.779780	0.001702
4.784785	0.001622
4.789790	0.001541
4.794795	0.001541
4.799800	0.001541
4.804805	0.001702
4.809810	0.001702
4.814815	0.001541
4.819820	0.001461
4.824825	0.001541
4.829830	0.001461
4.834835	0.001461
4.839840	0.001381
4.844845	0.001381
4.849850	0.001381
4.854855	0.001221
4.859860	0.001301
4.864865	0.001141
4.869870	0.001381
4.874875	0.001381
4.879880	0.001301
4.884885	0.001301
4.889890	0.001381
4.894895	0.001301
4.899900	0.001381
4.904905	0.001461
4.909910	0.001141
4.914915	0.001301
4.919920	0.001221
4.924925	0.001221
4.929930	0.001221
4.934935	0.001141
4.939940	0.001301
4.944945	0.001221
4.949950	0.001221
4.954955	0.000981
4.959960	0.000901
4.964965	0.001221
4.969970	0.000981
4.974975	0.001061
4.979980	0.001061
4.984985	0.001061
4.989990	0.001221
4.994995	0.001141
5.000000	0.001061
0.000000	0.001221
