0.311148	0.625000	0.523613
0.321319	0.720220	0.626281
0.361922	0.776119	0.848836
0.399642	0.852840	1.033591
0.398841	0.849236	1.092853
0.361041	1.016453	1.105186
0.393235	0.930842	1.093254
0.292489	1.171416	0.523613
0.582074	0.844431	0.331169
0.864612	0.832418	0.611946
0.599933	1.172698	0.671609
0.631647	1.071311	0.818404
0.530820	1.179264	1.014611
0.459465	1.019176	0.575427
0.477003	0.819605	0.434799
0.469876	0.755137	0.504632
0.496144	1.071951	0.672890
0.644460	0.808713	0.702762
0.627082	1.075715	0.488455
0.714374	1.545811	0.365285
0.751933	1.540846	0.434478
0.719419	1.584973	0.922033
0.800705	1.771410	1.195842
0.863731	1.645597	1.286097
0.918910	1.558305	1.435775
0.908739	1.517301	1.436016
0.670568	1.670103	1.437457
0.409172	1.832434	1.421120
0.597450	1.756193	1.452353
0.748250	1.573601	1.449229
0.907057	1.527232	1.434414
0.789333	1.585934	1.378355
0.383705	1.773011	1.430089
0.491338	1.377874	1.465326
0.880629	1.163808	1.352888
0.851639	1.223631	1.225714
1.123526	1.224672	1.062822
1.078438	1.207214	0.889999
0.546597	1.215783	0.995631
0.512160	1.311244	0.992187
0.676654	1.292344	0.825611
0.671128	1.247897	0.596169
0.738239	1.226995	0.597370
0.672730	1.215463	0.650707
0.670648	1.162206	0.679297
0.556607	1.139783	0.647824
0.585918	1.117840	0.704443
0.614589	1.125688	0.762745
0.635170	1.121443	0.692991
0.604338	1.165410	0.690589
0.381302	1.136980	0.720060
0.302499	1.163488	0.649345
0.225538	1.167012	0.682740
0.303300	1.109110	0.673851
0.586159	1.210337	0.663520
0.638774	1.116318	0.721341
0.450976	1.082683	0.696515
0.392114	1.124887	0.728469
0.395637	1.120322	0.725746
0.395557	1.119201	0.690348
0.450655	1.125768	0.679297
0.361121	1.027745	0.697796
0.411414	1.096697	0.707406
0.552523	1.075315	0.732233
0.557088	1.037034	0.754496
0.392915	1.037995	0.729430
0.457783	1.176141	0.737999
0.528337	1.136900	0.679617
0.486854	1.133696	0.725746
0.532422	1.261992	0.723664
0.576949	1.231880	0.679057
0.410133	1.140023	0.697316
0.394276	1.178544	0.707086
0.452497	1.227555	0.731752
0.371532	1.115197	0.729270
0.398761	1.016052	0.853561
0.678896	0.994429	0.854442
0.822728	1.068027	0.762825
0.673691	1.053932	0.795099
0.673451	1.028946	0.847394
0.653349	1.160284	0.503752
0.647343	1.491434	0.649666
0.648705	1.403741	0.554445
0.772996	0.964718	0.505754
0.489737	1.163248	0.503511
0.630686	1.163648	0.459305
0.711491	1.129292	0.664241
0.645261	1.219067	0.671288
0.546597	1.227315	0.760102
0.466672	1.177182	0.597290
0.397720	1.171656	0.537627
0.655191	1.348083	0.731192
0.809114	0.912583	0.732793
0.863091	0.842909	0.560531
0.601375	0.849396	0.772355
0.631486	1.223952	0.484932
0.719740	1.118160	0.721982
0.654070	1.208736	0.616671
0.634690	0.924916	0.701000
0.309707	0.645421	0.690749
0.360320	0.808393	0.806791
0.371612	0.782366	0.809835
0.477804	0.757379	0.885274
0.383304	0.784528	1.096617
0.457943	0.992027	0.909700
0.451376	1.128491	1.021258
0.410373	1.071871	0.765067
0.514563	0.770994	0.771314
0.903614	0.815441	0.849396
0.545956	0.851639	0.533863
0.457222	1.104065	0.558209
0.311869	1.116558	0.800705
0.372733	1.041119	0.526415
0.459225	1.120482	0.359199
0.399001	0.982977	0.308986
0.509277	0.909700	0.342461
0.550281	0.811837	0.472278
0.577750	1.034392	0.447132
0.731352	1.561108	0.192863
0.731272	1.545331	0.215207
0.751133	1.580168	0.458824
0.880950	1.709024	1.227555
0.873342	1.616366	1.253183
0.825691	1.576083	1.344559
0.728549	1.557183	1.447388
0.536907	1.572399	1.447868
0.753695	1.698453	1.318051
0.787491	1.761479	1.363379
0.783327	1.729125	1.405824
0.782926	1.642233	1.329663
0.878948	1.568716	1.328142
1.009485	1.725201	1.344319
1.052250	1.535320	1.405183
1.093734	1.202329	1.345039
1.188234	1.259509	1.213781
1.058577	1.284576	1.271202
0.753856	1.224112	1.041679
0.726226	1.159644	0.909780
0.634770	1.179745	1.035353
0.641737	1.165810	0.810315
0.744005	1.113675	0.572544
0.719820	1.139943	0.618513
0.790935	1.190957	0.597771
0.808313	1.167252	0.619394
0.671128	1.163007	0.671689
0.608662	1.164449	0.696034
0.608422	1.200167	0.648624
0.555726	1.159964	0.639655
0.626841	1.109191	0.644700
0.597210	1.119842	0.723503
0.450335	1.067467	0.703562
0.529138	1.016132	0.730711
0.537948	1.062501	0.724384
0.459225	1.142906	0.650066
0.631406	1.105266	0.720941
0.710930	1.082683	0.704043
0.457623	1.128251	0.721341
0.329888	1.124647	0.763145
0.358879	1.075955	0.734075
0.418622	1.073313	0.715495
0.475161	1.034712	0.703162
0.427511	1.071551	0.705725
0.341500	1.085245	0.724384
0.490538	1.074354	0.731672
0.516085	1.115757	0.720140
0.475882	1.128171	0.679537
0.382103	1.106147	0.755858
0.450015	1.067066	0.720300
0.574947	1.086607	0.750972
0.626922	1.177262	0.766589
0.637493	1.183028	0.754336
0.631647	1.187033	0.681299
0.471477	1.142906	0.766989
0.383465	1.119922	0.801426
0.476443	1.004120	0.763305
0.710850	1.015251	0.754736
0.745046	1.083163	0.755858
0.636932	1.089810	0.719900
0.553644	1.053372	0.421184
0.730551	1.201288	0.698918
0.606900	1.369706	0.411414
0.601134	1.373389	0.448253
0.640696	1.063222	0.707326
0.609623	1.190236	0.518968
0.728228	1.271442	0.490377
0.851879	1.373630	0.517206
0.711651	1.387084	0.648705
0.684582	1.291703	0.824971
0.650867	1.204491	0.840507
0.425028	1.107269	0.757700
0.438643	1.184470	0.771955
0.616430	1.072272	0.649746
0.680338	0.862050	0.582955
0.517686	1.030307	0.519128
0.711571	1.116398	0.602015
0.608342	0.951584	0.853641
0.728629	0.952145	0.764587
0.693632	0.990585	0.720220
0.424708	0.714614	0.599372
0.379621	0.748890	0.715255
0.438483	0.807993	0.880709
0.451697	0.702121	0.626681
0.428632	0.784127	0.596890
0.411174	1.109751	1.023820
0.470196	1.321495	0.910661
0.476603	0.984018	0.940452
0.550201	0.840907	0.980335
0.743204	0.691309	0.890640
0.642778	0.768751	0.444809
0.348147	0.832899	0.192063
0.350069	0.837464	0.550681
0.529379	1.005321	0.681459
0.511039	1.085486	0.620194
0.633168	1.008765	0.619314
0.687065	0.791735	0.558449
0.670087	0.880309	0.484932
0.686905	1.223872	0.379380
0.743044	1.473655	0.217049
0.666243	1.657529	0.119666
0.714774	1.559025	0.236590
0.877826	1.805606	0.780524
0.909540	1.668261	1.307800
0.891841	1.729205	1.152997
0.949342	1.604914	1.333267
1.007884	1.543649	1.352167
0.823929	1.572319	1.340234
0.737278	1.711747	1.365781
0.897207	1.760038	1.396854
0.893363	1.727523	1.332706
0.883833	1.559906	1.216584
0.984659	1.595864	1.190396
0.968562	1.504328	1.343518
0.863731	1.203050	1.230599
0.807993	1.264715	0.942855
0.806871	1.284175	1.169734
0.927639	1.117199	1.282574
0.815841	1.176301	0.980815
0.796220	1.220428	0.852840
0.810475	1.121604	0.760102
0.774037	1.084765	0.659196
0.752574	1.138101	0.640296
0.687305	1.165170	0.582395
1.041519	1.190957	0.627722
1.103905	1.216183	0.604258
0.711331	1.174940	0.763546
0.601214	1.199125	0.816962
0.578550	1.163728	0.696755
0.563094	1.089810	0.678736
0.574787	1.087247	0.759461
0.560211	1.006762	0.749131
0.584957	0.990585	0.662719
0.528898	1.081882	0.697636
0.383384	1.109110	0.675213
0.303220	1.143307	0.674171
0.529218	1.081321	0.703803
0.608502	1.072031	0.772515
0.451617	1.082843	0.764507
0.381543	1.056415	0.662719
0.328447	1.053932	0.700840
0.212484	1.095736	0.674972
0.339819	1.126249	0.663440
0.293530	1.106948	0.674251
0.175805	1.097178	0.675293
0.399401	1.215222	0.722943
0.515924	1.116398	0.663040
0.263658	1.081962	0.679777
0.421665	1.027424	0.696595
0.514723	1.058017	0.719980
0.525935	1.156280	0.717577
0.650707	1.154358	0.749851
0.669446	1.184230	0.798783
0.632127	1.140664	0.800785
0.697076	1.109831	0.775558
0.697156	1.085966	0.706606
0.655031	1.092613	0.729189
0.728148	1.060819	0.680178
0.880709	1.072352	0.680899
0.926518	1.136579	0.484131
0.634930	1.098780	0.591684
0.808954	1.262072	0.455621
0.735116	1.114556	0.332611
0.729189	1.236125	0.448573
0.712932	1.300112	0.425269
0.729750	1.214982	0.358959
0.788292	1.385803	0.446892
0.631647	1.164369	0.447372
0.615550	0.983137	0.672810
0.637252	1.078839	0.879828
0.467313	1.227555	0.925637
0.512321	0.986261	0.838665
0.494942	0.939091	0.763786
0.631566	0.994029	0.697316
0.510238	1.073873	0.334293
0.754416	1.215623	0.460826
0.788132	1.036874	0.703482
0.685864	0.719099	0.572464
0.711170	1.026944	0.807832
0.397479	0.665522	0.523372
0.436400	0.697156	0.488215
0.485973	0.713413	0.731512
0.203515	0.770753	0.806711
0.476202	0.811036	0.705324
0.422306	1.040158	0.627082
0.496944	1.018535	1.033431
0.496384	1.093574	0.862290
0.536186	0.879348	0.862130
0.615950	1.037755	0.738239
0.644460	1.432892	0.728309
0.486133	0.934927	0.733594
0.368809	0.695234	0.619314
0.555887	0.818163	0.639495
0.771955	0.961675	0.603537
0.738399	0.933725	0.473880
0.696355	0.774998	0.604418
0.615790	1.025422	0.579271
0.710530	1.322856	0.720861
0.779723	1.517461	0.423747
0.822728	1.690044	0.815280
0.766028	1.534760	0.331249
0.855082	1.823625	0.192143
0.916027	1.805285	0.779483
1.049447	1.839241	1.116959
0.979614	1.658651	1.024381
0.978573	1.521706	1.251180
1.058817	1.625415	1.410388
0.908499	1.808969	1.446987
0.815280	1.738735	1.460041
0.832178	1.593462	1.384521
0.774437	1.467889	1.322135
0.800144	1.585293	1.283615
0.934927	1.513137	1.247176
0.815681	1.211298	1.251020
0.712932	1.120322	1.130493
0.617391	1.120482	1.075635
0.678416	1.105186	1.093494
0.986901	1.273604	1.214422
0.861169	1.347842	0.882391
0.804629	1.090691	0.678496
0.748730	1.122084	0.577189
0.864452	1.188474	0.612666
0.955588	1.160365	0.662799
0.889679	1.164369	0.673130
0.746968	1.179505	0.666163
0.537787	1.096537	0.774677
0.470356	1.081641	0.771955
0.615870	1.117519	0.721021
0.745046	1.060659	0.704844
0.630125	1.012529	0.728469
0.581914	1.020457	0.700759
0.596970	1.062902	0.690909
0.508797	1.103184	0.679617
0.458183	1.083003	0.641817
0.429273	1.063622	0.707086
0.530580	1.030387	0.819044
0.516004	1.037995	0.853160
0.439203	1.071070	0.721261
0.600894	1.129372	0.648624
0.585037	1.090611	0.679057
0.369210	1.009726	0.868376
0.425189	1.019176	0.866294
0.456982	1.091172	0.695154
0.311308	1.061060	0.626121
0.429033	1.030387	0.732553
0.537948	1.064103	0.758020
0.439524	1.082122	0.694913
0.719099	1.093734	0.737438
0.834100	1.082923	0.680418
0.630045	1.160204	0.703082
0.723183	1.075475	0.725906
0.680899	1.084284	0.699078
0.743765	1.114796	0.755057
0.719740	1.094215	0.722462
0.730311	1.120482	0.683061
0.790534	1.108950	0.706365
0.852440	1.037114	0.624199
0.686504	1.129052	0.594808
0.728228	1.140904	0.755938
0.653029	1.114076	0.670888
0.801586	1.121604	0.935327
0.665923	1.107429	0.236670
0.743204	1.280331	0.434478
0.711971	1.273524	0.559731
0.633248	1.250940	0.732393
0.580072	1.120723	0.553324
0.770753	0.929881	0.594167
0.788372	0.859407	1.010126
0.711331	0.900330	0.863251
0.637172	1.090531	0.937810
0.642378	1.076196	0.954707
0.714294	0.922754	0.971605
0.726787	1.023820	0.754096
0.754176	1.211619	0.518487
0.656793	1.263834	0.461147
0.566057	1.202489	0.582234
0.600894	0.950863	0.357277
0.631006	0.961114	0.504152
0.330609	0.651347	0.524654
0.438002	0.752654	0.646702
0.627802	0.689307	0.676894
0.318676	0.832338	0.884233
0.456822	0.808553	0.825771
0.557408	1.026703	0.448653
0.517446	0.784688	1.087167
0.497345	0.748330	1.108230
0.586159	1.025662	0.816241
0.630766	1.411189	0.929881
0.695314	1.452032	1.105266
0.584076	1.055694	1.007884
0.596730	0.945258	0.811997
0.626601	0.901611	0.865814
0.614428	0.780283	0.880709
0.695394	0.899529	0.641817
0.738479	0.996672	0.732713
0.656152	1.096617	0.596570
0.745206	1.296588	0.881831
0.823929	1.530355	0.679697
0.871340	1.600189	0.649185
0.868617	1.620771	0.434559
0.846273	1.783903	0.272708
0.801346	1.794634	0.201753
0.926277	1.747705	0.807352
0.910180	1.558545	1.172217
0.911622	1.454275	1.034552
0.929080	1.603873	1.151235
0.928039	1.764682	1.270721
0.888798	1.723679	1.271202
0.815360	1.386203	1.329183
0.692671	1.242531	1.337431
0.604578	1.561588	1.275366
0.748089	1.558385	1.330544
0.832499	1.220588	1.410789
0.852840	1.140904	1.296428
1.010206	1.085646	1.108710
0.772675	1.167572	1.086847
0.833620	1.138982	1.082202
0.824010	1.128090	0.979053
0.806711	1.071150	0.816882
0.769152	1.183669	0.647183
0.765548	1.180226	0.599372
0.690028	1.153798	0.635250
0.693632	1.068027	0.623878
0.807352	1.037515	0.641737
0.854121	1.085566	0.767150
0.738079	1.109671	0.774998
0.695073	1.104385	0.647824
0.719099	1.082683	0.602256
0.476523	0.993949	0.696355
0.420143	0.979934	0.694433
0.611705	1.075475	0.637413
0.627322	1.118961	0.597931
0.456982	1.090451	0.623878
0.428072	1.026703	0.665362
0.538028	1.040718	0.724144
0.558609	1.063542	0.801826
0.439764	1.026543	0.754977
0.421825	1.071791	0.721181
0.476843	1.061220	0.827613
0.310508	1.001797	0.880789
0.291127	1.031268	0.804309
0.328527	1.028305	0.884874
0.398040	1.013169	0.806871
0.470516	1.060339	0.705885
0.558930	1.085726	0.698757
0.452898	1.075075	0.774998
0.564536	1.162927	0.721021
0.806231	1.060819	0.729430
0.638854	1.093894	0.729990
0.292729	1.056815	0.616430
0.241955	1.031268	0.645181
0.642698	1.073313	0.715495
0.887917	1.057136	0.807352
0.753936	1.037675	0.774677
0.730711	1.063462	0.667124
0.721181	1.097498	0.650306
0.728629	1.138822	0.286803
0.797021	1.105186	0.447132
0.780283	1.140744	0.721742
0.709809	1.124327	0.601695
0.673531	1.155319	0.237230
0.626841	1.298590	0.284640
0.645341	1.293385	0.639975
0.670327	1.438418	0.581514
0.602976	1.201528	0.575988
0.755537	1.108550	0.757940
0.899049	0.899049	1.093414
0.670407	0.820165	0.969763
0.495743	1.004920	0.970644
0.562934	0.938290	0.928920
0.673771	0.697476	0.733914
0.714854	0.833299	0.547398
0.709969	1.183829	0.754336
0.687465	1.261111	0.486053
0.640776	0.996992	0.493741
0.610344	1.203690	0.449054
0.745447	1.083483	0.342301
0.235949	0.676814	0.504632
0.271586	0.729109	0.448413
0.488535	0.743765	0.679297
0.506074	0.777561	0.614348
0.560852	0.713493	0.575828
0.549320	0.927799	0.579912
0.516645	1.060819	1.064583
0.530500	0.730631	1.287058
0.537707	1.097418	0.847154
0.616030	1.092213	1.020217
0.608102	0.782526	1.126329
0.639335	0.677215	0.980014
0.606500	0.817523	0.909700
0.575187	1.075875	0.935247
0.634369	0.985220	0.810956
0.718058	1.023340	0.695073
0.695154	1.273284	0.722623
0.648304	1.339113	0.707086
0.721181	1.469090	0.425269
0.806471	1.516340	0.872541
0.806071	1.654726	0.471718
0.834501	1.797037	0.595368
0.813679	1.746343	0.274229
0.810075	1.828910	0.130638
0.828174	1.738895	0.272067
0.822968	1.553660	0.862450
0.816642	1.505449	1.172858
0.854362	1.658971	1.130974
0.799263	1.617487	1.172537
0.824410	1.681555	1.061540
0.860368	1.504808	1.191437
0.788452	1.236285	1.436977
0.717657	1.485428	1.396934
0.731432	1.441381	1.427527
0.739681	1.096137	1.521386
0.868857	1.292985	1.269199
1.008684	1.187753	0.961595
0.872781	1.190316	1.195922
0.772755	1.108950	1.097899
0.797502	1.092133	0.969443
0.770673	1.186712	0.843951
0.789173	1.248618	0.696355
0.777160	1.194961	0.616110
0.722863	1.155239	0.691870
0.748089	1.072272	0.689948
0.786530	1.033911	0.593686
0.728629	1.139462	0.603857
0.755057	1.189675	0.706926
0.696355	1.074514	0.681940
0.601375	1.003719	0.754977
0.565016	1.026463	0.781084
0.509277	0.952145	0.680418
0.684022	1.113595	0.647343
0.689948	1.179585	0.613227
0.634209	1.051450	0.589682
0.637893	1.024141	0.602095
0.639335	1.027264	0.705484
0.679857	1.073633	0.757860
0.789974	1.018134	0.757139
0.745046	0.993148	0.703883
0.631006	1.016212	0.763546
0.515764	1.016292	0.807752
0.397479	1.068668	0.880709
0.486293	0.955909	0.915706
0.673851	0.932684	0.874783
0.653430	1.125047	0.762745
0.670728	1.071311	0.681139
0.817122	1.007323	0.758500
0.616831	1.131854	0.739360
0.476443	1.059218	0.695073
0.421184	1.015011	0.728949
0.243397	1.071871	0.679857
0.183814	1.056895	0.679217
0.418622	1.087007	0.717257
0.642058	1.028465	0.690429
0.645341	1.034952	0.624119
0.639655	1.037515	0.782446
0.672089	1.118881	0.505754
0.679697	1.074514	0.146334
0.727988	1.162767	0.273669
0.556928	1.140103	0.434639
0.685944	1.117439	0.368329
0.849877	1.067627	0.842829
0.665763	1.203610	0.555486
0.673691	1.492075	0.597450
0.734956	1.305718	0.331970
0.549960	1.187193	0.504793
0.587280	1.190637	0.775318
0.616911	0.996912	0.649505
0.586078	0.848916	0.736958
0.585598	0.951664	0.853160
0.585998	0.811436	0.816882
0.692831	0.649185	0.516405
0.689868	0.853721	0.717257
0.633969	1.050889	0.568300
0.684903	1.034552	0.662639
0.646863	1.128651	0.412375
0.633008	1.040478	0.651027
0.816081	1.166691	0.883592
0.293369	0.839065	0.489897
0.284560	0.701400	0.503832
0.255169	0.651908	0.517526
0.349589	0.717577	0.550201
0.546677	0.924596	0.637172
0.454980	0.985140	0.874943
0.311068	1.068347	1.269280
0.489737	1.016212	1.054253
0.580312	1.142986	1.076276
0.558449	0.695554	1.003079
0.557008	0.480127	1.114156
0.670568	0.701720	0.960073
0.639014	0.626922	0.808633
0.577349	0.857405	0.815280
0.627162	0.945258	0.905856
0.689628	1.224753	0.971605
0.684502	1.382599	0.815521
0.647023	1.477099	0.782686
0.721501	1.415834	0.391233
0.737759	1.442262	0.390432
0.654711	1.765083	0.503431
0.736717	1.838200	0.323081
0.824090	1.911477	0.378980
0.821767	1.961690	0.237871
0.774197	1.855578	0.130478
0.773636	1.655207	0.297214
0.934847	1.485588	0.947099
0.948141	1.463484	1.261511
0.882551	1.338633	1.024061
0.825691	1.563190	1.240049
0.797662	1.584813	1.339674
0.788132	1.398616	1.213300
0.771314	1.386523	1.340635
0.777721	1.330945	1.432171
0.650707	1.064023	1.463885
0.765147	1.176221	1.423522
0.887597	1.232280	1.179024
0.728709	1.223231	0.941173
0.746408	1.214582	1.129612
0.808473	1.202970	1.022859
0.788052	1.246455	0.798463
0.787731	1.272163	0.720540
0.815841	1.273684	0.648464
0.769072	1.207614	0.671128
0.783647	1.179184	0.637333
0.818003	1.177022	0.597290
0.821927	1.113755	0.601535
0.881510	1.082442	0.697396
0.721021	1.085486	0.707246
0.789653	1.020137	0.674251
0.754016	0.994349	0.624599
0.655031	0.941734	0.704123
0.779963	1.083243	0.799664
0.548839	1.102223	0.728309
0.492219	0.987542	0.613948
0.597050	0.974809	0.575347
0.630525	0.980415	0.647503
0.720300	1.027584	0.705565
0.713253	0.985940	0.698117
0.497024	0.964478	0.681539
0.458264	0.982417	0.853000
0.670407	0.951104	0.844431
0.616110	0.900010	1.031108
0.494542	0.938290	0.958151
0.575507	0.977532	0.812958
0.553164	1.052010	0.866454
0.630205	1.023740	0.771074
0.671288	1.061060	0.706125
0.580232	1.074754	0.699398
0.617552	1.064744	0.732073
0.476843	1.026784	0.729029
0.536826	1.072111	0.679697
0.458183	1.072111	0.696034
0.494702	1.035032	0.671368
0.561012	1.064904	0.725746
0.596169	1.051930	0.553884
0.693952	1.057776	0.332371
0.712212	1.094855	0.120787
0.680578	1.029987	0.120947
0.656713	1.121123	0.156665
0.797822	1.140023	0.181251
0.851879	1.117199	0.156105
0.798543	1.006042	0.379701
0.629724	1.136740	0.967841
0.604818	1.403982	0.577269
0.526335	1.131374	0.330128
0.556447	1.034952	0.557809
0.509998	1.165490	0.649746
0.452578	1.085405	0.651187
0.470837	0.813358	0.731592
0.536746	0.564696	0.663280
0.586078	0.667925	0.672009
0.670568	0.931083	0.720781
0.555406	1.067627	0.824090
0.525535	0.987382	0.644700
0.642538	0.696355	0.554365
0.645181	1.183989	0.679777
0.565417	1.016132	0.310508
0.738639	1.215863	0.583436
0.294090	0.903293	0.619474
0.350870	0.849637	0.754416
0.321399	0.611545	0.754736
0.427751	0.746167	0.594968
0.475161	1.035353	0.639335
0.492380	0.988183	0.840107
0.348388	0.975209	1.171576
0.549480	0.876945	1.029426
0.671288	0.931643	0.981856
0.641096	0.954307	1.014290
0.587440	0.822808	1.033991
0.616270	0.755617	0.979854
0.631727	0.468034	0.816962
0.608822	0.720220	0.738639
0.577750	0.563815	0.919230
0.642538	0.715575	1.057056
0.714534	0.954147	0.884473
0.653750	1.221149	0.647503
0.712292	1.176702	0.883673
0.738800	1.364100	0.505994
0.648064	1.730647	0.697957
0.719820	1.753310	0.671208
0.745126	1.913640	0.640536
0.861649	1.882567	0.423827
0.813438	1.862065	0.169719
0.792056	1.658010	0.168758
0.846433	1.466768	0.339658
0.907378	1.306759	0.881190
0.872220	1.347602	1.172377
0.882952	1.482384	1.253263
0.790294	1.378034	1.275126
0.647263	1.361537	1.214742
0.711891	1.451712	1.260550
0.806711	1.413271	1.365541
0.726226	1.269199	1.351046
0.765948	1.076036	1.369145
0.828014	1.129772	1.171256
0.685543	1.137460	0.979293
0.781244	1.212019	1.043041
0.817202	1.202649	1.055534
0.773156	1.144668	0.884954
0.745367	1.175901	0.772355
0.771794	1.274325	0.696595
0.631807	1.199926	0.664561
0.744005	1.125928	0.695154
0.970965	1.133776	0.693151
0.828654	1.085405	0.698757
0.869898	1.102463	0.679617
0.900330	1.236525	0.697876
0.873021	1.109191	0.627322
0.873262	0.997633	0.604578
0.816161	0.983218	0.679937
0.861329	1.027264	0.798623
0.489817	1.027104	0.764747
0.381302	0.958632	0.616751
0.666163	0.998514	0.614348
0.800865	1.130893	0.612506
0.744245	1.069068	0.648384
0.536826	1.016533	0.665923
0.428792	1.030548	0.724785
0.477564	0.934046	0.894404
0.631727	0.879588	0.920271
0.639415	0.880629	0.911462
0.728549	1.005241	0.883032
0.645021	1.102944	0.816001
0.642218	1.009966	0.916427
0.627082	0.932764	0.866054
0.515284	1.024061	0.695714
0.647343	1.072272	0.818804
0.517286	1.039998	0.885995
0.565577	1.008204	0.723503
0.646702	1.027184	0.640456
0.489737	1.037755	0.647984
0.515684	1.015892	0.491499
0.684502	1.057216	0.434799
0.856364	1.065384	0.340940
0.883272	1.052411	0.168598
0.677054	1.056895	0.216889
0.679297	1.060739	0.170360
0.721501	1.030227	0.204636
0.873021	1.109351	0.369290
0.754096	1.082843	0.737038
0.710850	1.027264	0.238431
0.579431	1.105907	0.424148
0.577429	1.171737	0.332371
0.486053	1.086366	0.700759
0.650306	1.202489	0.674332
0.653590	1.035112	0.771794
0.550681	0.983137	0.864532
0.566538	0.954387	0.866855
0.617712	0.730711	0.732073
0.550120	0.719179	0.663360
0.564776	0.792456	0.763225
0.631326	0.890400	0.649105
0.555566	0.691710	0.703803
0.665923	0.490618	0.600013
0.740321	0.670888	0.666884
0.677375	1.023740	0.389151
0.745367	1.128971	0.448573
0.263978	0.589682	0.474040
0.264219	0.785569	0.604578
0.321239	0.879668	0.816722
0.361521	1.038236	0.640296
0.529299	0.782686	0.729990
0.555566	0.520249	0.806791
0.424868	0.924676	1.143226
0.809514	1.007643	0.942214
0.935727	0.779563	0.779803
0.890239	0.811036	0.972486
0.696515	0.842589	1.014290
0.610024	1.007964	1.054813
0.654551	1.081962	0.929161
0.728309	1.141064	0.873021
0.671128	1.105747	0.730150
0.645261	0.856764	0.736798
0.690429	0.988023	0.768991
0.681619	1.165890	0.723584
0.685303	1.317490	0.736958
0.799023	1.425284	0.448653
0.910981	1.686760	0.506635
0.746808	1.715991	0.774357
0.771234	1.654726	0.579992
0.798062	1.767405	0.696195
0.871580	1.840843	0.262137
0.878387	1.663776	0.108374
0.783487	1.378034	0.144973
0.809915	1.427046	0.297694
0.850437	1.447227	0.737278
0.807432	1.412951	1.064583
0.790534	1.275846	1.184790
0.647904	1.443223	1.286738
0.711170	1.557584	1.190797
0.736958	1.492155	1.225714
0.798142	1.478701	1.340635
0.954868	1.034312	1.291783
0.855403	1.087247	0.945418
0.809594	1.052170	0.992668
0.770353	1.113595	1.125127
0.712131	1.083483	1.128491
0.746728	1.096858	0.876385
0.552123	1.121283	0.674171
0.550281	1.105987	0.720861
0.476363	1.129532	0.729750
0.564456	1.128651	0.705004
0.768911	1.079239	0.703402
0.634610	1.109671	0.725426
0.666323	1.213621	0.766589
0.677215	1.208095	0.763145
0.550841	1.094695	0.673691
0.755617	0.996752	0.699238
0.746568	1.086206	0.766028
0.753455	1.128251	0.703482
0.728389	1.164529	0.648544
0.686745	1.038716	0.672410
0.858846	0.980254	0.624279
0.874303	1.180706	0.660557
0.634770	1.062341	0.667124
0.653510	0.990906	0.639495
0.712131	1.005561	0.757700
0.537787	0.902332	0.876465
0.602416	0.882391	0.913384
0.608662	0.940533	0.816321
1.016853	0.950783	0.958952
0.987462	1.016052	0.929881
0.606740	1.024461	0.928760
0.436240	0.955508	0.839866
0.454580	0.943496	0.635410
0.676894	1.023580	0.720380
0.616350	1.037995	0.782446
0.680418	1.007083	0.666724
0.656393	1.030067	0.560211
0.638854	1.026864	0.423106
0.670568	1.060659	0.368088
0.719579	1.093414	0.274550
0.743124	1.002198	0.169719
0.690429	0.998514	0.119666
0.533143	1.052411	0.903373
0.556127	1.079079	0.593847
0.655672	1.072111	0.705484
0.873502	1.120803	0.666483
0.679697	1.108950	0.674091
0.694993	1.082522	0.679057
0.678736	1.164929	0.625000
0.516165	1.235644	0.424067
0.599533	1.079159	0.797902
0.650466	1.289301	0.637493
0.730951	1.130493	0.658555
0.684983	1.183269	0.594167
0.565096	1.140584	0.739600
0.537547	0.823369	0.866695
0.517206	1.086126	0.739841
0.670568	0.899609	0.602015
0.736397	1.199366	0.573185
0.557328	0.755778	0.603217
0.555566	0.837304	0.601695
0.673611	0.561092	0.660237
0.706285	0.996912	0.635811
0.752734	0.937970	0.503992
0.321399	0.728869	0.492219
0.243877	0.822968	0.784288
0.303380	0.964558	0.766028
0.321079	1.116959	0.616591
0.272067	0.850197	0.799263
0.350790	0.755217	0.781645
0.330208	1.171817	1.202009
0.740001	1.167892	0.877426
0.990025	1.177182	0.809995
0.935888	0.478605	0.978813
0.565657	0.494542	0.961995
0.587600	0.953987	0.924836
0.696595	1.097498	1.002598
0.737038	1.082843	0.959192
0.695874	1.224592	0.780924
0.679377	1.261671	0.755377
0.629965	1.344319	0.779963
0.666403	1.277768	0.331330
0.650306	1.505689	0.259574
0.694353	1.623013	0.378499
0.798463	1.587055	0.604097
0.773716	1.631582	0.520009
0.873502	1.564872	0.627002
0.880549	1.754191	0.780444
0.789093	1.911558	0.274229
0.815841	1.753471	0.239072
0.850598	1.395092	0.181091
0.829135	1.277688	0.155064
0.774357	1.313166	0.214967
0.709969	1.356171	0.550201
0.835462	1.426165	0.940853
0.872941	1.509053	1.196403
0.790214	1.497280	1.107188
0.727908	1.465166	1.136019
0.852520	1.452593	1.328142
0.958872	1.129452	1.214822
0.653269	1.183909	1.135298
0.597130	1.098860	1.152356
0.673771	1.063382	1.084204
0.494942	1.057136	1.029266
0.720861	1.187914	0.863972
0.537707	1.166691	0.697957
0.440565	1.064103	0.697876
0.586239	1.106388	0.624599
0.550120	1.140824	0.640696
0.616671	1.129132	0.680498
0.822088	1.125207	0.728629
0.766509	1.192238	0.752094
0.690108	1.130093	0.732233
0.796621	1.231480	0.703242
0.890800	1.106388	0.649585
0.459144	1.454996	0.732793
0.361922	1.378275	0.731752
0.824330	1.117760	0.617231
0.871420	1.199686	0.672410
0.711971	1.005721	0.664882
0.653189	0.959432	0.639815
0.715255	0.894644	0.622197
0.873982	0.872861	0.620435
0.718458	0.938530	0.703803
0.565577	0.901211	0.773957
0.817763	0.882311	0.848435
0.738559	0.862931	0.783727
0.694593	0.860128	0.863171
0.899289	0.890159	0.854442
0.711731	0.930842	0.873742
0.514883	1.002278	0.815761
0.506074	0.903854	0.599933
0.731592	0.923154	0.636131
0.752174	1.000916	0.678976
0.720620	1.118400	0.596329
0.738239	1.074514	0.425669
0.836262	1.007403	0.275110
0.694833	1.004600	0.299776
0.600734	1.016212	0.203515
0.631406	0.941093	0.324042
0.692991	0.991226	0.238672
0.766028	1.031509	0.577509
0.792296	1.074274	0.724304
0.677054	1.079559	0.798302
0.695874	1.060659	0.505273
0.790774	1.143387	0.983378
0.781645	1.030387	0.723744
0.615790	1.106788	0.808393
0.564696	1.260150	0.817363
0.678656	1.224112	0.773156
0.507996	1.319412	0.679777
0.689948	1.327261	0.660877
0.731432	1.362978	0.619714
0.645501	1.126008	0.616751
0.655912	0.890480	0.649826
0.656633	1.131774	0.741042
0.738559	1.215863	0.674652
0.638614	1.094215	0.602336
0.655352	0.900570	0.640936
0.601294	1.094135	0.485572
0.668886	0.887517	0.523933
0.604818	0.987943	0.521690
0.560852	1.225954	0.468354
0.349989	0.959272	0.780444
0.372093	0.952465	0.828895
0.322040	0.862370	0.651427
0.272227	0.892882	0.561012
0.117023	1.375952	0.763786
0.410373	1.285216	0.672329
0.350710	1.248297	1.148832
0.548198	1.102704	1.280171
0.971525	0.854121	1.220428
0.845712	0.975129	1.064664
0.548999	0.886636	1.092773
0.608662	0.951664	0.970885
0.746648	1.040878	0.974328
0.713092	1.007643	0.913704
0.686344	1.037755	0.853801
0.779402	1.164048	0.844992
0.695073	1.373870	0.863972
0.613868	1.343598	0.491018
0.597210	1.403581	0.645581
0.650466	1.559266	0.775719
0.556287	1.526031	0.388910
0.655111	1.572480	0.560051
0.863491	1.618128	0.391633
0.808393	1.688042	0.519208
0.719259	1.971140	0.490618
0.771234	1.810571	0.401083
0.807272	1.477659	0.203595
0.795339	1.172377	0.203354
0.801346	1.288900	0.192783
0.739681	1.452993	0.201753
0.832338	1.421200	0.341741
0.928520	1.438258	0.673371
0.773476	1.482945	0.885915
0.799904	1.390287	1.096777
0.880309	1.348003	1.214181
0.957831	1.164449	1.192478
0.745206	1.128811	1.249739
0.438403	1.035273	1.269119
0.547398	1.098699	1.099981
0.611225	1.051129	1.013009
0.822888	1.090451	0.948781
0.853000	1.106548	0.782606
0.730231	1.085966	0.707006
0.826492	1.120883	0.650386
0.736397	1.175821	0.602015
0.578631	1.082522	0.624759
0.427671	1.106227	0.696995
0.555486	1.219947	0.679377
0.922834	1.442582	0.700759
1.030788	1.682035	0.658555
0.897687	1.499122	0.639255
0.557168	1.585133	0.730391
0.477484	1.562709	0.707727
0.746488	1.238847	0.619394
0.779402	1.140343	0.624038
0.694993	1.118160	0.663760
0.815521	1.016533	0.625640
0.896006	0.928280	0.602336
0.801506	0.903854	0.599613
0.722943	0.943896	0.620435
0.718538	0.937730	0.703242
0.834901	0.900490	0.739761
0.746648	0.842349	0.740481
0.680418	0.913064	0.723503
0.735997	0.880309	0.737759
0.977051	0.889839	0.755377
0.958471	0.910020	0.672970
0.878307	0.949021	0.617391
0.748730	1.075875	0.669046
0.827934	1.029026	0.513442
0.805030	1.013169	0.368008
0.670808	1.026383	0.239312
0.551322	1.019336	0.218330
0.696675	0.996592	0.391313
0.753295	1.027024	0.458984
0.711090	1.037195	0.602656
0.639014	0.983057	0.603297
0.717737	1.024701	0.524013
0.783967	0.998193	0.445610
0.553404	1.008124	0.635731
0.654230	1.024061	0.503912
0.686985	1.070910	1.042961
0.721341	1.007483	0.741122
0.790694	0.996992	0.698918
0.615870	1.129052	0.816802
0.579031	1.235484	0.729430
0.476283	1.309001	0.809114
0.534664	1.319012	0.679377
0.650707	1.053051	0.676894
0.574787	0.872701	0.724064
0.528257	0.886796	0.601455
0.647183	0.994590	0.673210
0.721421	1.120242	0.784768
0.696515	0.757219	0.575027
0.727908	0.859647	0.573185
0.608662	0.667364	0.579992
0.631486	1.005081	0.595368
0.645101	0.907458	0.558289
0.328687	1.403101	0.614909
0.338457	0.871500	0.643179
0.329888	0.770433	0.601775
0.321239	0.860448	0.800865
0.285201	1.202009	0.650787
0.312510	1.063462	0.674652
0.410133	1.061380	0.601935
0.371452	0.900090	0.930682
0.457943	1.027024	1.401259
0.708848	0.441125	1.123846
0.642138	1.030868	1.046244
0.448733	1.118641	0.972646
0.495102	1.219707	0.948541
0.639415	1.426005	0.972646
0.648224	1.276647	0.924195
0.656473	1.073953	0.933085
0.646462	1.223231	0.978653
0.557168	1.452032	0.940853
0.616270	1.517221	0.949582
0.668565	1.447388	0.978493
0.690909	1.389967	0.760583
0.845793	1.298110	0.467874
0.814399	1.394932	0.647663
0.745767	1.545811	0.448573
0.680498	1.674107	0.437442
0.680658	1.946074	0.560772
0.753215	1.824826	0.447132
0.779883	1.517061	0.261816
0.779563	1.260470	0.194065
0.849316	1.330784	0.253968
0.749050	1.521386	0.169158
0.883352	1.533238	0.130157
1.099901	1.293865	0.261176
0.861970	1.309962	0.448253
0.836503	1.549736	0.802547
0.747128	1.390127	1.184710
0.654631	1.027584	1.306118
0.833860	1.027024	1.271842
0.694993	1.082522	1.272563
0.577349	1.102223	1.212500
0.634850	1.075635	1.078198
0.765548	1.028946	0.953026
0.850918	1.023500	0.763546
0.788933	1.117359	0.722462
0.696515	1.215303	0.706846
0.471638	1.239088	0.642458
0.489176	1.273204	0.663680
0.489577	1.424964	0.737518
0.515524	1.517622	0.730070
0.734956	1.580168	0.671529
0.865894	1.575283	0.676494
0.454660	1.613323	0.690829
0.213685	1.498962	0.646943
0.608662	1.585213	0.665202
0.773396	1.589137	0.627963
0.696995	1.085646	0.706526
0.564776	0.900170	0.703723
0.815441	1.016292	0.602015
0.968082	1.016212	0.603617
0.868216	0.948701	0.640296
0.903373	0.884073	0.645261
0.845392	0.881670	0.659035
0.860208	0.856924	0.703562
0.816001	0.909700	0.705565
0.738720	0.933886	0.674251
0.697236	0.954227	0.643099
0.937009	0.909780	0.663440
0.824890	0.879668	0.680098
0.670648	0.961595	0.573986
0.693071	1.068908	0.490778
0.792697	0.955428	0.260455
0.723103	0.932925	0.201753
0.744406	0.990986	0.181171
0.639815	1.016693	0.203915
0.697076	1.063382	0.370251
0.672490	1.075155	0.596890
0.669847	1.060980	0.737759
0.711731	0.950703	0.799344
0.638694	1.037755	0.649345
0.644860	1.013890	0.323561
0.775398	0.987862	0.469716
0.846353	1.007964	0.590643
0.743845	1.057216	0.572464
0.720300	1.060259	0.619153
0.873422	0.997232	0.575748
0.773236	1.029987	0.698117
0.600734	1.248458	0.755457
0.655271	1.235324	0.807672
0.586479	1.164449	0.672810
0.614188	1.012849	0.537547
0.634770	0.893923	0.621476
0.604258	1.129852	0.513202
0.726947	1.207054	0.579752
0.798383	1.037675	0.730871
0.656793	0.842990	0.628043
0.730070	1.131774	0.757219
0.814880	1.004360	0.671929
0.711811	1.164209	0.755137
0.728228	0.521610	0.648865
0.726387	0.609543	0.602015
0.319317	0.883592	0.692831
0.291287	0.785008	0.635571
0.293289	0.726146	0.969043
0.331009	1.071951	0.827934
0.303060	0.280156	0.699398
0.341580	1.143066	0.757700
0.284720	1.004680	0.737598
0.489496	1.015011	1.191678
0.578631	0.961915	1.021578
0.474521	1.172297	1.050248
0.553164	1.075715	0.926358
0.525695	1.107349	0.942214
0.528257	1.231800	0.978573
0.509758	1.072111	1.032470
0.552043	0.748730	1.034712
0.587840	1.202889	1.066025
0.646382	1.600990	1.031108
0.601294	1.545251	0.920511
0.601294	1.584973	0.863251
0.629244	1.513698	0.594407
0.748650	1.288900	0.768911
0.634530	1.427046	0.792937
0.495343	1.370186	0.601695
0.679057	1.478941	0.539069
0.617472	1.802082	0.605299
0.688186	1.743941	0.698197
0.779643	1.505048	0.504312
0.861729	1.386443	0.300177
0.655111	1.411670	0.203835
0.777320	1.526031	0.155944
0.922514	1.657690	0.168918
0.801346	1.323096	0.168117
0.677375	1.172377	0.169559
0.745847	1.479261	0.309947
0.688507	1.535160	0.620275
0.680018	1.429449	1.044162
0.585518	1.060339	1.435375
0.476363	1.163968	1.329503
0.557248	1.176301	1.272483
0.708848	1.057136	1.113515
0.766589	1.054333	1.025903
0.774197	1.018455	0.847715
0.823449	1.124967	0.798783
0.616751	1.176221	0.730951
0.580633	1.215943	0.666804
0.551802	1.275927	0.604578
0.550681	1.399817	0.772435
0.670888	1.347842	0.911942
0.615870	1.260710	0.764987
0.637092	1.356411	0.771955
0.493421	1.441942	0.850277
0.380261	1.642794	0.732073
0.797101	1.623573	0.720861
1.009405	1.387805	0.739280
0.497585	1.227315	0.830496
0.244118	1.109271	0.740401
0.495983	1.005321	0.602336
0.586078	0.930602	0.696755
0.609463	0.931002	0.756178
0.751293	0.949021	0.736717
0.857004	0.903453	0.734635
0.970244	0.813599	0.691390
1.079800	0.907538	0.680018
0.816402	0.889919	0.673691
0.641177	0.944937	0.759301
0.672650	0.902332	0.651027
1.089490	0.840747	0.447052
1.091252	0.940853	0.300257
0.736958	0.860128	0.181812
0.751213	0.857565	0.107894
0.819605	0.955428	0.180610
0.990746	0.932764	0.236670
0.907698	0.948461	0.169719
0.781004	1.005481	0.120707
0.747529	0.954948	0.461787
0.863812	0.986741	0.802387
0.745367	1.017173	0.617952
0.451857	1.038796	0.459785
0.728949	1.016533	0.333252
0.831938	0.991546	0.400763
0.828414	0.997393	0.482129
0.731192	0.984979	0.675132
0.630365	0.979854	0.624439
0.780283	0.993949	0.604178
0.617792	0.997553	0.643579
0.656953	1.166771	0.913704
0.752574	1.117599	0.843390
0.754016	1.059378	0.729590
0.678416	1.060179	0.435840
0.487975	1.080440	0.471237
0.533223	1.239808	0.482289
0.747929	1.164849	0.443848
0.796460	0.649185	0.523132
0.909460	0.603136	0.525374
0.892882	0.862290	0.597771
0.773156	1.167172	0.819525
0.823209	1.070830	0.807512
0.639094	0.587440	0.640536
0.815441	0.141049	0.390192
0.349589	0.838024	0.762665
0.328767	0.834421	0.521610
0.309627	0.739600	0.520009
0.330369	0.907458	0.594007
0.451536	0.840347	0.809594
0.372333	1.120883	0.741362
0.399882	0.852039	0.924195
0.421665	0.676414	1.317090
0.439764	1.026864	1.317971
0.495903	1.272163	1.138261
0.584156	1.220508	0.999475
0.424868	0.874303	0.965599
0.512881	0.985380	0.953346
0.585198	1.023901	0.929561
0.601214	0.890480	0.981616
0.471558	1.390367	1.076596
0.510399	1.617647	1.075555
0.601134	1.411830	0.979053
0.647023	1.490153	0.853561
0.557168	1.517782	0.765308
0.563014	1.421120	0.780283
0.748890	1.481664	0.926037
0.773877	1.413432	0.666804
0.718458	1.331505	0.647583
0.816402	1.640792	0.722703
0.827133	1.729525	0.627802
0.781405	1.481504	0.626841
0.736397	1.335189	0.572864
0.646863	1.425284	0.368329
0.770593	1.570558	0.460025
0.964157	1.649441	0.203354
0.801746	1.547733	0.107653
0.581914	1.387404	0.144572
0.426950	1.408226	0.131038
0.477003	1.710385	0.156425
0.497024	1.672585	0.391153
0.680418	1.029587	0.774597
0.638614	1.094295	0.881831
0.686745	1.162847	1.136579
0.710850	1.037435	1.116158
0.456582	1.001397	1.008845
0.582555	1.030628	0.945177
0.864132	1.083563	0.839065
0.926838	1.102143	0.762825
0.958151	1.129132	0.818804
0.971285	1.008524	0.766989
0.892161	0.996191	0.801426
0.860448	0.930682	0.949021
0.938050	1.070590	0.780924
0.987142	1.322215	0.782446
0.983378	1.255985	0.909380
0.932124	1.402220	0.858286
1.019736	1.412951	0.903293
0.956309	1.183509	0.780043
1.029106	1.360656	0.765388
1.459080	1.364340	0.682901
1.327741	1.007723	0.650466
0.833379	0.950944	0.737198
0.496144	1.005001	0.696195
0.439283	0.961355	0.730631
0.637252	0.897287	0.671128
0.627402	0.873982	0.752094
0.436481	0.842029	0.766749
0.535625	0.847474	0.537227
0.928680	0.890480	0.505994
0.755938	0.902492	0.359760
0.285361	0.861970	0.170520
0.860528	0.879268	0.120227
1.059698	0.879108	0.095240
0.966960	0.909139	0.194145
0.954627	0.948141	0.193584
0.801746	0.945097	0.421264
0.800785	0.891441	0.667204
0.797582	0.886796	0.400282
0.928039	0.890239	0.552683
0.863491	0.902332	0.643099
0.854602	0.943416	0.505674
0.797421	0.994750	0.389391
0.890320	0.961034	0.389391
0.711491	0.993308	0.517926
0.726306	0.980174	0.484211
0.847875	0.997553	0.570302
0.783006	0.952866	0.500468
0.787731	0.980575	0.537627
0.729029	1.072512	0.492139
0.756098	1.227315	0.643899
0.558449	1.029346	0.706285
0.578791	1.211859	0.663360
0.779723	1.163007	0.490698
0.646302	1.105667	0.436080
0.629564	1.102544	0.550921
0.775398	1.075955	0.488696
0.714614	0.775238	0.533783
0.945658	0.906657	0.470997
0.918669	0.889839	0.424308
0.818083	1.040959	0.698998
0.696835	0.985540	0.574947
0.694353	1.037995	0.503912
0.639415	0.429753	0.594327
0.427511	0.909380	0.580873
0.392034	1.135939	0.434879
0.390512	1.178944	0.456822
0.418942	1.224993	0.635651
0.409572	1.183909	0.550681
0.451296	0.755858	0.705805
0.372253	0.552043	0.775318
0.411254	0.351511	1.310603
0.451456	0.773396	1.304997
0.427751	1.037034	1.158683
0.271586	0.909300	0.940212
0.391954	0.809034	0.968242
0.512481	1.075315	0.945097
0.596650	1.130093	0.875023
0.549400	1.034632	0.968642
0.536426	1.438818	1.085005
0.351431	1.575683	1.097979
0.580152	1.350966	0.983298
0.563895	1.477019	1.082042
0.655031	1.397415	1.093414
0.608102	1.359295	0.696435
0.709489	1.281132	0.728709
0.707326	1.377073	0.726387
0.560051	1.323016	0.731912
0.735756	1.526671	0.737198
0.586319	1.641352	0.492139
0.633248	1.576804	0.473640
0.772836	1.440981	0.581834
0.927399	1.411109	0.516645
0.998193	1.477259	0.504152
0.860688	1.544530	0.552283
0.734395	1.539965	0.322921
0.724545	1.455556	0.155064
0.448413	1.438578	0.144572
0.600093	1.609559	0.131118
0.712131	1.669302	0.156425
0.477644	1.202809	0.228821
0.633248	1.039757	0.288164
0.936288	1.036714	0.490538
0.899369	1.015171	0.624519
0.898408	0.982577	0.853881
0.886796	0.981215	0.977612
0.748089	0.923955	1.005481
0.739520	0.984579	0.952785
0.669767	1.013249	0.762745
0.671449	1.038476	0.706285
0.809194	1.251100	0.775638
0.826412	0.953266	0.829135
0.870619	0.719339	0.703482
0.833460	0.878307	0.844431
0.870859	0.951264	1.001877
0.785249	1.068428	1.027905
0.731832	1.019736	0.849557
0.826973	1.164769	0.749050
0.805350	1.356492	0.881430
0.798062	1.284816	0.874543
0.864052	1.007563	0.914745
0.939732	0.933165	0.819525
1.231800	1.003639	0.671769
1.407666	0.940853	0.663520
1.123125	0.859247	0.505113
0.534504	0.847074	0.470997
0.407570	0.833940	0.432877
0.680979	0.832499	0.271987
0.956469	0.877026	0.120067
0.899289	0.850678	0.181812
1.052731	0.843470	0.146655
1.062822	0.842509	0.108695
1.058657	0.859247	0.131198
1.081161	0.889599	0.238752
1.058978	0.909300	0.309787
0.944617	0.906977	0.422866
0.866054	0.873582	0.676974
0.980335	0.851719	0.613227
0.888878	0.857405	0.639895
0.788852	0.849797	0.800224
0.800385	0.842909	0.924996
0.773556	0.933085	0.674412
0.870619	0.950623	0.616911
0.815681	0.940613	0.672410
0.889759	0.993629	0.756338
0.896246	0.980655	0.579271
0.651107	0.976330	0.577429
0.604097	1.017173	0.675132
0.607301	1.113755	0.671208
0.550441	1.224512	0.505593
0.411494	1.120482	0.506394
0.452738	1.213941	0.574947
0.439364	1.234683	0.640216
0.550841	1.163568	0.624599
0.515524	1.071471	0.625240
0.684502	1.068828	0.639735
0.740722	1.086847	0.599453
0.846113	1.118560	0.534023
0.889278	1.057856	0.423187
0.719900	0.910341	0.574787
0.773396	0.934046	0.461547
0.729990	0.842349	0.288084
0.638934	0.755297	0.602095
0.393235	1.026223	0.663760
0.382584	1.105907	0.921793
0.370651	1.244854	0.779803
0.338617	1.167892	0.752094
0.396198	0.766509	0.732473
0.451136	0.699798	0.910581
0.439684	0.840427	0.913064
0.411254	0.456422	1.242691
0.459545	0.785008	1.311404
0.509357	0.727828	0.979854
0.489657	0.719019	0.799103
0.439283	0.745927	0.960393
0.534664	0.743765	1.030467
0.597691	0.815280	0.956229
0.486053	0.995310	0.972246
0.508477	1.220428	1.169174
0.671128	1.530996	1.033110
0.530820	1.618768	1.045844
0.580553	1.455876	1.097498
0.458103	1.322536	1.093334
0.631807	1.296829	0.781645
0.753535	1.335349	0.781885
0.669126	1.395813	0.815921
0.724785	1.403101	0.726306
0.980014	1.452032	0.732473
1.026623	1.514258	0.537387
1.145469	1.600990	0.300657
0.883512	1.456197	0.461547
0.721501	1.263834	0.619794
0.861009	1.273043	0.411574
0.861169	1.425444	0.459305
0.695073	1.558385	0.552763
0.916107	1.541086	0.300097
0.783327	1.440981	0.180210
0.818083	1.544690	0.180050
1.163488	1.718474	0.192863
1.030708	1.505609	0.156585
1.202649	1.132255	0.132079
1.350405	1.097418	0.146575
1.233001	1.016052	0.227460
0.937970	0.992828	0.378579
0.880069	0.951264	0.412695
0.858686	0.906657	0.458904
0.802066	0.904094	0.614989
0.739600	0.901611	0.547558
0.787251	1.068428	0.523292
0.824890	1.399497	0.681539
0.883753	0.954627	0.784608
0.920351	0.297614	0.801826
0.889679	0.388109	0.780924
0.806871	0.564536	0.773076
0.815040	0.588081	0.931163
0.878067	0.506154	0.852680
0.856123	1.009165	0.804069
0.883753	1.348643	0.904735
0.870298	1.126008	0.853000
0.852760	0.983618	0.681619
0.883512	0.943896	0.462028
0.902012	0.912103	0.324763
0.958231	0.879268	0.299936
0.909860	0.849637	0.238592
0.918990	0.821207	0.194305
1.297309	0.847634	0.156025
1.236845	0.853641	0.107413
1.030788	0.901131	0.107173
0.833379	0.818724	0.043506
0.421985	0.859727	0.082427
0.722142	0.934126	0.194705
0.818003	0.882391	0.182132
1.102624	0.850117	0.181251
1.081161	0.879748	0.332931
0.977772	0.879828	0.603537
0.935567	0.847474	0.798383
0.715255	0.815040	0.760262
0.792136	0.881590	0.590483
0.710690	0.878227	0.573105
0.825691	0.880870	0.574867
0.818564	0.954627	0.628283
1.071631	0.996512	0.460986
0.834421	0.951905	0.434879
0.806391	0.993148	0.799424
0.815521	1.037915	0.961034
0.527537	0.990906	0.729189
0.425269	0.997713	0.549159
0.604258	1.050729	0.520329
0.779242	1.173018	0.703883
0.647103	1.273284	0.582074
0.411654	1.202970	0.619874
0.551962	1.191678	0.597290
0.496624	1.105587	0.411734
0.647343	1.104786	0.580713
0.852920	0.859968	0.574146
0.717817	0.847554	0.503832
0.674332	0.902653	0.614508
0.596489	0.952065	0.486293
0.292809	0.937890	0.484051
0.529859	0.984659	0.682340
0.747609	0.823369	0.413897
0.755778	1.028946	0.518888
0.439604	1.105106	0.679697
0.398601	1.081481	0.558690
0.421905	1.164529	0.641257
0.339658	1.102463	0.919070
0.195827	0.688426	0.858286
0.379861	0.712372	0.875103
0.427031	1.002037	0.938851
0.489737	0.941093	1.065464
0.510879	0.653910	1.141945
0.558770	0.628603	0.943576
0.564536	0.772836	0.647824
0.509598	0.839306	0.737759
0.476683	0.611065	0.940613
0.438322	0.610024	0.938450
0.436881	0.777400	1.015572
0.418782	1.083964	0.963597
0.528978	1.610279	0.959272
0.565256	1.627337	1.022859
0.603136	1.327101	1.025422
0.680738	1.442102	1.044963
0.609223	1.385883	1.052090
0.815601	1.425364	0.826973
0.834501	1.503927	0.854522
0.813599	1.293305	0.779963
0.783967	1.428728	0.734875
1.031589	1.425925	0.643659
0.975850	1.488471	0.551402
0.695954	1.400298	0.553324
0.688827	1.240129	0.449534
0.721181	1.288900	0.359279
0.871660	1.359695	0.423507
0.928600	1.558625	0.672650
0.616270	1.557984	0.730551
0.577109	1.514018	0.342381
1.094695	1.561508	0.155144
0.912183	1.752109	0.179970
0.814159	1.554941	0.169559
0.939171	1.176542	0.131839
1.181987	1.144908	0.132400
1.031589	1.064744	0.131999
0.938210	1.004920	0.145854
0.879989	0.940933	0.131439
0.871420	1.027264	0.120787
0.906977	1.035353	0.193504
0.866695	0.954707	0.273108
0.846273	0.985300	0.306824
0.787010	1.172858	0.309226
0.862690	0.962636	0.324202
0.902332	0.351991	0.325323
0.826973	0.141609	0.262697
0.890159	0.140969	0.227540
0.880870	0.170600	0.309226
0.852440	0.335494	0.300497
0.869097	1.000996	0.287043
0.865654	1.364100	0.298495
0.809514	1.084845	0.236830
0.813599	1.001477	0.169639
0.807512	0.995150	0.131679
0.818003	0.912823	0.132480
0.920511	0.862370	0.120947
0.909700	0.849076	0.108054
0.909540	0.849637	0.120387
1.039757	0.840667	0.095641
1.197364	0.877666	0.146014
1.236044	0.873742	0.001221
0.893443	0.803508	0.715895
0.654070	0.897287	0.368168
0.729109	0.900330	0.254609
0.773396	0.903614	0.733194
1.010366	0.852279	0.310427
0.745527	0.859247	0.216889
0.807112	0.900010	0.389791
0.909620	0.889278	0.538668
0.710450	0.848035	0.617231
0.691309	0.904174	0.445290
0.674011	0.932844	0.444249
0.814399	0.897607	0.558369
0.799103	0.910341	0.757539
0.791655	0.913624	0.877586
0.746968	0.986821	0.619954
0.789333	1.004040	0.755457
0.579431	1.004840	0.696995
0.695314	0.930842	0.672810
0.805190	0.877666	0.368168
0.597450	1.019976	0.645181
0.783247	1.061861	0.767150
0.638133	1.233562	0.695554
0.647263	1.261511	0.618993
0.697316	1.227716	0.576068
0.680818	1.096537	0.425189
0.695874	1.140103	0.389391
0.824971	1.026223	0.538028
0.862050	0.849877	0.625880
0.804949	0.938530	0.639655
0.749531	1.031509	0.469636
0.681699	1.095656	0.513522
0.709489	0.857084	0.471077
0.798302	0.941894	0.518807
0.738880	1.019336	0.402845
0.362162	0.911782	0.582314
0.361762	1.117039	0.624919
0.421825	1.128331	0.817523
0.340780	1.094215	0.873422
0.381703	1.126249	0.551242
0.379861	1.203770	0.577990
0.512321	1.165170	0.667604
0.535785	1.024781	1.082683
0.655271	0.588321	0.982417
0.472118	0.823689	1.036153
0.530820	0.703883	0.983778
0.565417	0.961274	0.721261
0.579111	0.745927	0.696034
0.536346	0.909540	0.809114
0.438803	0.959192	0.939011
0.437281	1.132655	0.995791
0.506394	1.753150	0.933645
0.488936	1.636147	0.891120
0.516645	1.298190	0.923314
0.497745	1.496960	0.821607
0.538508	1.563750	0.886556
0.825451	1.504728	0.949742
0.728469	1.558225	0.773076
0.871740	1.273204	0.730711
0.710209	1.474536	0.780604
0.884954	1.403341	0.769712
0.990826	1.492475	0.750011
0.956309	1.435775	0.663760
0.862770	1.237246	0.665602
0.800865	1.215783	0.561252
0.863651	1.300833	0.334213
0.872220	1.385322	0.435119
0.771074	1.425524	0.617952
0.899529	1.464205	0.324122
0.796541	1.474136	0.323321
0.866054	1.603232	0.169399
0.865173	1.438258	0.225618
1.026383	1.014130	0.108134
1.050248	1.016773	0.204155
0.818404	1.019896	0.182452
0.921873	1.030147	0.131919
0.918830	0.961274	0.181171
0.824410	1.026864	0.181571
0.780444	1.071311	0.131599
0.796701	0.959352	0.145934
0.819845	0.894404	0.145053
0.855403	0.996271	0.119346
0.823209	1.080921	0.108134
0.825691	0.891120	0.120787
0.864052	0.509357	0.121028
0.931243	0.589362	0.108614
0.900330	0.626361	0.095240
0.806711	0.792296	0.131439
0.806791	1.175661	0.120627
0.859647	1.125127	0.069213
0.819525	0.997633	0.055919
0.782526	0.921873	0.068732
0.814319	0.887677	0.095000
0.834501	0.860368	0.069613
0.893363	0.853000	0.069854
0.921873	0.862290	0.095801
0.947660	0.879268	0.131358
0.947180	0.820246	0.108134
0.899770	0.859887	0.108454
0.778121	0.838104	0.300097
0.971685	0.787651	0.341100
1.456597	0.813759	0.340059
0.869738	0.847955	0.423026
0.989464	0.840987	0.472759
0.809434	0.813438	0.683301
0.603136	0.823129	0.359279
0.807272	0.951184	0.357597
0.745447	0.930762	0.705164
0.816562	0.850678	0.525294
0.975610	0.857325	0.551482
0.952305	0.893523	0.760422
0.931243	0.871980	0.590563
0.822728	0.927879	0.663600
0.679217	0.881190	0.581754
0.721902	1.029907	0.732873
0.921472	0.953907	0.642618
0.470837	0.960954	0.696355
0.833860	1.003479	0.580473
0.862450	0.811997	0.448413
0.726787	0.928600	0.300097
0.707086	0.955348	0.645501
0.650546	1.096137	0.810876
0.677215	1.172217	0.671769
0.602015	1.187834	0.525535
0.566778	1.168293	0.414137
0.873982	1.179264	0.553965
0.721021	1.224272	0.680498
0.728148	1.059939	0.617632
0.806952	0.961915	0.552523
0.727187	1.057296	0.594567
0.767390	1.086847	0.556527
0.674011	0.804069	0.554765
0.796220	0.938931	0.640135
0.609143	0.994509	0.460906
0.429273	0.822968	0.732873
0.351991	0.944777	0.775799
0.428392	0.939892	0.663760
0.439524	1.026784	0.664401
0.393395	1.140504	0.782125
0.409332	1.244613	1.071311
0.493260	1.277448	1.036394
0.666243	0.812638	0.838585
0.528418	0.897527	1.259429
0.579592	0.983618	1.128891
0.588481	0.892722	0.984499
0.588081	0.965118	0.964077
0.529779	0.930522	0.704043
0.516485	1.139943	0.799904
0.578951	1.117519	0.892722
0.310988	1.068267	0.919310
0.319157	1.658010	0.995711
0.448253	1.653926	0.904174
0.427031	1.435054	0.910180
0.550601	1.506490	0.972166
0.921312	1.671864	0.848355
0.672890	1.715030	0.811837
0.806952	1.639030	1.041199
0.880389	1.503607	0.817282
0.834020	1.438338	0.756258
0.916587	1.342797	0.806952
0.740401	1.629820	0.868697
0.723263	1.531797	0.913464
0.614669	1.344399	0.928920
0.639815	1.412391	0.819044
0.747849	1.589938	0.643419
0.800625	1.496559	0.473480
0.712372	1.438018	0.523693
0.736878	1.612602	0.537707
0.834501	1.558785	0.581113
0.945658	1.395172	0.523452
0.942214	1.252222	0.445050
0.883192	1.028866	0.811196
0.850998	0.877186	0.309066
0.852440	0.961915	0.131919
0.837223	0.986901	0.255650
0.800785	0.943896	0.228181
0.807672	0.929881	0.120147
0.870378	0.941734	0.145934
0.807112	0.930362	0.146174
0.850037	0.938530	0.131439
0.893923	0.997793	0.130638
0.874303	1.073473	0.192143
0.897607	1.184790	0.181091
0.862851	0.995310	0.082507
0.893042	1.191357	0.146735
0.837384	1.216504	0.146575
0.824650	1.092773	0.095000
0.889198	1.186792	0.095401
0.824971	1.072272	0.095481
0.850037	1.068508	0.131358
0.810716	0.924436	0.130638
0.818083	0.813278	0.107253
0.859487	0.780604	0.120227
0.853160	0.821046	0.108374
0.883272	0.883192	0.120867
0.911942	0.842509	0.120627
0.834260	0.839786	0.120387
0.798062	0.900410	0.001221
0.824570	0.820886	0.485572
0.878948	0.789974	0.640055
0.904094	0.776920	0.935247
1.000676	0.804149	0.715815
1.057456	0.780604	0.551402
0.882071	0.812397	0.424788
0.790935	0.822968	0.255249
0.827053	0.892802	0.275270
0.616190	0.858446	0.601935
0.557488	0.811757	0.552363
0.770994	0.811596	0.436080
0.804709	0.887597	0.423267
0.811116	0.893683	0.515124
0.739681	0.942455	0.691550
0.897127	0.928119	0.671609
0.671288	1.129292	0.553084
0.782526	1.120322	0.650947
0.883272	1.063222	0.674732
0.779643	1.058577	0.557889
0.670488	0.889198	0.368649
0.753535	0.810796	0.538428
0.535385	0.938611	0.728709
0.533463	1.009325	0.676974
0.642058	1.028706	0.643259
0.614508	1.068508	0.679457
0.686585	0.880309	0.581674
0.721902	0.954067	0.288084
0.294170	1.108390	0.194305
0.529939	1.092613	0.332531
0.806231	0.940132	0.504152
0.880469	0.961835	0.484932
0.822168	1.089810	0.523693
0.766829	1.063542	0.621636
0.818404	0.984819	0.284720
0.813679	0.877426	0.357357
0.361121	0.910100	0.581273
0.362082	1.041119	0.597611
0.428953	0.964478	0.682420
0.470116	1.058897	0.763786
0.382584	1.004440	0.920912
0.439283	1.164129	1.083403
0.488055	0.948060	1.019015
0.597691	0.955028	1.067627
0.473079	1.106548	1.128491
0.614428	0.958391	0.929321
0.608983	0.774037	1.054653
0.641177	0.704043	1.066185
0.517926	0.842669	1.129532
0.536987	0.781645	1.105026
0.671048	0.900250	0.818003
0.509197	0.951424	0.681299
0.426390	1.473255	1.060339
0.532502	1.629179	1.077237
0.505433	1.399257	1.128171
0.549159	1.581209	0.929881
0.880709	1.504007	1.118240
0.641417	1.521706	0.974168
0.818163	1.672425	1.013730
0.695154	1.450351	0.979694
0.889519	1.308521	0.979374
0.779322	1.544210	0.800224
0.527617	1.719194	0.728949
0.525935	1.601550	0.668405
0.574626	1.451392	0.698597
0.668966	1.664577	0.678976
0.852440	1.911317	0.618352
0.800385	1.730246	0.561332
0.836903	1.468610	0.642538
0.947180	1.737774	0.663360
0.987542	1.838761	0.559090
1.028385	1.613563	0.423987
0.944857	1.305077	0.639735
0.971605	1.203050	0.906096
0.950063	0.881350	0.480447
0.907618	0.897928	0.357597
0.853000	0.942455	0.379941
0.827774	0.934366	0.325323
0.855643	0.882792	0.095721
0.928039	0.819605	0.181091
0.890079	0.909780	0.146014
0.871179	1.005001	0.146094
0.896646	0.980975	0.170039
0.884714	0.976651	0.130638
0.911542	0.995551	0.130237
0.916747	0.991226	0.169559
0.937409	1.083323	0.131519
0.863972	1.018054	0.120947
0.931163	0.996992	0.108534
0.927959	1.024942	0.107653
0.861329	0.993468	0.261896
0.851238	1.026463	0.227940
0.804149	0.948381	0.108214
0.828735	0.843230	0.130558
0.863651	0.784608	0.144572
0.859968	0.808793	0.120147
0.852359	0.850037	0.146334
0.864132	0.822808	0.146655
0.790534	0.850998	0.310027
0.805430	0.848275	0.378499
0.870699	0.772675	0.471638
0.888878	0.848996	0.424228
0.934606	0.808473	0.550921
0.819685	0.750332	0.621476
0.845072	0.803107	0.500468
1.109911	0.837864	0.471317
0.861970	0.849797	0.574386
0.641257	0.861809	0.507035
0.341821	0.902572	0.486293
0.451216	0.908899	0.679617
0.670327	0.849797	0.729910
0.678416	0.880229	0.580953
0.676654	0.876865	0.572304
0.715415	0.945498	0.577429
0.722623	0.922113	0.715655
0.693872	1.068347	0.679377
0.737118	1.187994	0.673691
0.827693	1.018615	0.605299
0.580713	0.997072	0.575507
0.578951	0.940853	0.663600
0.711170	0.820165	0.573025
0.578951	0.941494	0.472438
0.426470	0.938370	0.703883
0.597691	1.110232	0.718058
0.681219	1.297149	0.575667
0.751693	1.056335	0.490137
0.788452	1.005001	0.460986
0.610744	0.954067	0.554285
0.681139	1.063703	0.369770
0.771154	1.127290	0.558049
0.797421	0.993548	0.400683
0.694993	1.027184	0.491819
0.742804	1.136419	0.423347
0.715415	1.019816	0.433037
0.730951	0.974568	0.487254
0.339899	0.780123	0.516885
0.398841	0.850598	0.460586
0.411654	0.784848	0.643019
0.472038	0.902492	0.642698
0.350870	0.992347	0.853641
0.476443	1.187673	1.020617
0.410213	0.909700	0.921552
0.563094	1.068187	1.038956
0.604818	1.155399	1.025823
0.634289	1.017974	1.086046
0.548919	0.649345	1.136099
0.557328	0.572464	0.883833
0.587680	0.509117	0.766989
0.680178	0.321159	0.783807
0.695073	0.563735	0.695394
0.639094	0.667364	0.648384
0.670247	1.322616	0.517926
0.426390	1.606916	0.736878
0.448814	1.339033	0.717817
0.454820	1.386764	0.885114
0.203515	1.294106	0.843550
0.695073	1.450911	1.193920
0.837304	1.603392	0.894964
0.755778	1.250860	0.783487
0.711170	1.423923	0.969123
0.608582	1.709424	0.921312
0.536186	1.709424	0.863651
0.795660	1.662815	0.871420
0.847394	1.547333	0.925717
0.901291	1.695009	0.749771
1.046645	1.876240	0.601695
1.008284	1.767245	0.505193
0.970965	1.415674	0.437201
1.052331	1.508252	0.379701
1.027424	1.880325	0.400362
0.957510	1.881286	0.423427
0.966800	1.766444	0.310187
0.954147	1.485267	0.400042
0.991787	0.923795	0.432797
0.959993	0.933085	0.330208
0.878787	0.937810	0.400042
0.890079	0.900410	0.379861
0.864292	0.882151	0.402765
0.863651	0.861890	0.401724
0.851719	0.858446	0.490458
0.824650	0.940372	0.490778
0.917548	0.940773	0.262217
0.944537	0.896326	0.131358
0.847314	0.873582	0.180290
0.873822	0.995471	0.154583
0.945978	1.024141	0.155544
0.879909	0.889999	0.170280
0.922033	0.892802	0.194785
0.931403	1.007723	0.182212
0.898969	0.939812	0.203274
0.899129	0.858926	0.203595
0.851318	0.859487	0.287363
0.821527	0.856924	0.458904
0.846834	0.844031	0.376657
0.882151	0.803748	0.236670
0.869337	0.847875	0.411414
0.871179	0.880069	0.492299
0.827453	0.794699	0.675213
0.882551	0.730711	0.650386
0.918429	0.754336	0.491018
0.860528	0.819925	0.253808
0.888958	0.840267	0.436240
0.848836	0.847154	0.484051
0.847795	0.834501	0.577509
0.800305	0.775959	0.993068
0.974729	0.789813	0.798062
1.112314	0.839946	0.596009
0.791255	0.891761	0.561012
0.551562	0.954147	0.492620
0.469796	0.929401	0.550921
0.678015	0.889278	0.696115
0.823609	0.820165	0.680338
0.785249	0.886235	0.536987
0.682740	0.944617	0.700679
0.800064	0.901451	0.598171
0.577189	0.927879	0.470917
0.788772	0.840187	0.539389
0.800144	0.912743	0.487174
0.755057	0.953746	0.619634
0.670728	0.839306	0.551482
0.797902	0.792616	0.504873
0.685864	0.889359	0.602976
0.613547	0.979934	0.679697
0.643419	1.507371	0.570222
0.596650	1.724000	0.340059
0.669286	1.208736	0.503591
0.807032	1.060499	0.641737
0.809194	0.933325	0.605299
0.739520	1.098059	0.391233
0.797662	1.116478	0.423106
0.646622	0.961755	0.491178
0.736477	0.603056	0.809034
0.786290	0.907858	0.695234
0.819445	1.009325	0.535145
0.447933	0.785489	0.635811
0.456982	0.725826	0.616671
0.451456	0.643499	0.552523
0.530980	0.522892	0.766909
0.351671	0.882872	1.013169
0.550201	0.849236	0.807672
0.476283	1.003799	1.020457
0.654631	0.930282	0.721822
0.636772	1.033831	0.754176
0.665923	1.009405	0.812237
0.626121	0.901932	0.884874
0.577269	0.906577	0.968082
0.586319	0.603537	0.893843
0.640696	0.481408	0.943656
0.602656	0.695634	1.024301
0.564696	0.908579	0.999635
0.578550	1.246295	0.755297
0.509037	1.223231	0.602736
0.487655	1.159243	0.762905
0.801666	1.215783	0.955348
0.650146	1.225393	0.953106
0.734875	1.280812	0.938450
0.720460	1.373950	0.883913
0.818243	1.495759	1.014771
0.580072	1.659451	0.982737
0.536586	1.722398	0.872220
0.787891	1.765884	0.853160
0.956950	1.752109	0.781645
1.015091	1.649120	0.736637
1.137460	1.602511	0.812638
1.201208	1.808409	0.856684
1.036073	1.848531	0.640055
0.978653	1.451232	0.472839
0.921232	1.363779	0.380742
0.969523	1.673386	0.460906
1.017654	1.667540	0.423427
1.007804	1.781500	0.342782
0.997152	1.425605	0.324042
0.985380	1.079399	0.601775
0.962155	0.873902	0.600013
0.969683	0.881991	0.598411
0.944377	0.885995	0.593526
0.872220	0.820806	0.505593
0.873502	0.813038	0.506474
0.836262	0.842429	0.486533
0.815441	0.781405	0.523532
0.898328	0.940773	0.504392
0.927639	0.994029	0.333572
0.906497	0.817923	0.309146
0.913464	0.883913	0.237470
0.911462	0.923074	0.202073
0.915386	0.846273	0.341901
0.890320	0.820966	0.413016
0.921312	0.901611	0.370251
0.881991	0.891921	0.413096
0.851398	0.818724	0.388590
0.917628	0.848996	0.368409
0.898328	0.930922	0.400843
0.867736	0.875904	0.550601
0.828735	0.786690	0.501669
0.863972	0.803508	0.480687
0.906657	0.808073	0.470917
0.890239	0.811356	0.390272
0.892562	0.775318	0.519768
0.873502	0.784688	0.436801
0.806071	0.839306	0.203034
0.797742	0.889919	0.447292
0.833059	0.840187	0.664001
0.813038	0.856764	0.694753
0.792777	0.786930	0.660157
0.817443	0.748570	0.913064
0.934526	0.770513	0.601615
1.113355	0.840267	0.574146
0.911382	0.882471	0.540110
0.558770	0.934126	0.485813
0.615550	0.908419	0.579832
0.744406	0.899449	0.602656
0.823929	0.859647	0.704844
0.886395	0.906176	0.678736
0.847234	0.924355	0.535865
0.581113	0.891200	0.612426
0.822408	0.876705	0.322841
0.789573	0.930602	0.505113
0.790534	0.911862	0.575828
0.712772	0.822408	0.650146
0.646142	0.642378	0.639735
0.823049	0.610985	0.558209
0.564295	0.667845	0.491178
0.637012	1.317090	0.572224
0.748730	1.898504	0.521130
0.781885	1.236445	0.467954
0.831698	1.023020	0.458584
0.736878	1.558144	0.518968
0.721021	1.189355	0.461307
0.656793	0.933805	0.369610
0.638454	0.940052	0.411734
0.814239	0.693071	0.648064
0.694833	0.899449	0.764186
0.750972	1.068027	0.679297
0.418862	0.843150	0.555887
0.473079	0.766829	0.635410
0.534904	0.906176	0.679057
0.451536	0.840747	0.883993
0.321960	0.822408	0.963837
0.477324	1.029266	0.855563
0.515684	0.691790	0.939091
0.600974	0.782926	0.617231
0.563895	0.859327	0.817603
0.683862	0.817763	0.806231
0.650947	0.834821	0.886956
0.626601	1.007723	0.913544
0.527777	1.102463	0.843550
0.439924	0.773957	0.922674
0.517526	0.757780	1.045523
0.491018	0.997312	1.014130
0.509357	1.411670	0.862450
0.710450	1.491114	0.808233
0.797822	1.308921	0.911862
0.964157	1.355130	1.008524
0.731512	1.203850	0.804149
0.827774	1.225073	0.635491
0.813679	1.305318	0.890640
0.616751	1.599868	0.982016
0.672650	1.495518	0.984579
0.872941	1.604674	0.923715
1.221629	1.557103	0.872301
1.165650	1.752109	0.721101
1.133376	1.571358	0.524654
1.229477	1.553099	0.719980
1.136980	1.685239	1.046805
0.999555	1.654166	0.922754
0.985300	1.421440	0.579351
0.881750	1.451151	0.626281
0.979694	1.493997	0.707006
1.093254	1.390608	0.706445
0.946619	1.410629	0.624599
0.996832	1.323417	0.602256
0.928119	1.037995	0.504472
0.896006	0.896806	0.601455
0.961595	0.844511	0.660557
0.892001	0.872461	0.620275
0.813919	0.808313	0.471157
0.861809	0.820886	0.310027
0.872381	0.901371	0.324843
0.891521	0.862130	0.390752
0.879828	0.879028	0.523372
0.860768	0.941654	0.573185
0.947180	0.859006	0.559010
0.983858	0.836583	0.503511
0.921873	0.805590	0.482129
0.882952	0.785969	0.306744
0.858206	0.816642	0.237951
0.910501	0.840187	0.485652
0.949342	0.842349	0.597210
0.920591	0.823129	0.485893
0.957751	0.858526	0.447052
0.956790	0.899609	0.551402
0.890079	0.849476	0.595208
0.831217	0.752494	0.423267
0.846193	0.786690	0.514643
0.891841	0.832899	0.666403
0.906417	0.846593	0.624038
0.861729	0.811276	0.581353
0.781164	0.794218	0.519528
0.816562	0.842589	0.757539
0.815521	0.898568	0.624119
0.833379	0.773156	0.807993
0.861489	0.811116	0.696915
0.830897	0.947660	0.662639
0.846593	0.873502	0.644860
0.873342	0.803908	0.690509
0.906657	0.807913	0.572384
0.959032	0.889359	0.460186
0.781164	0.932364	0.493100
0.458984	0.891921	0.618913
0.670728	0.929721	0.720781
0.850918	0.930442	0.672009
0.947180	0.910421	0.721822
0.905936	0.938050	0.557889
0.574787	0.903293	0.501669
0.689227	0.872220	0.420063
0.785889	0.980254	0.616991
0.853240	0.962556	0.649746
0.854041	0.842029	0.619954
0.602736	0.653590	0.650386
0.788052	0.602416	0.523773
0.556848	0.810876	0.551482
0.564856	1.374030	0.524493
0.777480	1.525390	0.470997
0.801346	0.853320	0.535145
0.782686	0.687786	0.547318
0.769312	1.663215	0.557809
0.825211	1.477980	0.518647
0.696595	1.166771	0.380501
0.696755	0.893443	0.425429
0.770833	0.718698	0.145533
0.670488	0.792616	0.517846
0.654391	0.572064	0.594968
0.359599	0.896806	0.523613
0.492700	0.987142	0.501509
0.611385	0.901852	0.520089
0.450335	1.079319	0.815841
0.382744	0.880309	0.883592
0.394356	0.703082	0.894884
0.477324	0.757700	0.952065
0.516004	0.858606	0.663520
0.515364	0.701400	0.807192
0.646142	0.701480	0.930842
0.707887	0.789173	0.957430
0.723103	0.923795	0.848756
0.649826	1.336230	0.884393
0.676814	0.947900	0.938050
0.686985	0.507836	1.084605
0.537948	0.430714	1.034472
0.551322	0.932764	0.933245
0.735917	1.282894	0.958632
1.026623	1.437537	1.040798
0.686344	1.410709	1.041039
0.643739	1.419758	0.860608
0.828094	1.467409	0.839866
0.818404	1.324298	0.819845
0.832659	1.486148	0.639495
1.071631	1.335830	0.818804
1.136259	1.312845	0.803027
1.234843	1.455476	0.766269
1.278089	1.738094	0.625080
1.232601	1.640471	0.400843
1.232521	1.654486	0.412295
1.207054	1.761079	0.516965
1.051610	1.602912	0.482049
1.010286	1.336791	0.480527
0.925397	1.446507	0.623878
0.988904	1.426245	0.641897
0.989785	1.481664	0.651107
0.929561	1.097258	0.698117
0.997473	1.105186	0.771794
0.976410	0.983378	0.617231
0.890159	0.839786	0.573986
0.868537	0.780203	0.594087
0.912983	0.844111	0.621556
0.873662	0.902012	0.487254
0.822248	0.896566	0.484131
0.872541	0.890560	0.575107
0.882231	0.901932	0.487334
0.853160	0.794619	0.560371
0.860848	0.772996	0.639815
0.917789	0.850117	0.624679
0.958071	0.820406	0.625480
0.934526	0.837464	0.703162
0.865814	0.843871	0.621476
0.827533	0.813759	0.330288
0.916427	0.837063	0.400122
0.988103	0.811196	0.596409
0.960954	0.785249	0.627562
0.929881	0.823289	0.553164
0.898408	0.888478	0.523372
0.824090	0.850357	0.594647
0.815280	0.773076	0.552523
0.877186	0.837304	0.490137
0.912103	0.834260	0.668405
0.901611	0.748570	0.837784
0.831618	0.789573	0.720060
0.835141	0.890400	0.604097
0.853961	0.813679	0.666403
0.853961	0.823049	0.525695
0.834020	0.811036	0.639895
0.814640	0.755377	0.640376
0.870539	0.930122	0.617632
0.858526	0.886155	0.646943
0.809274	0.873101	0.821767
0.809594	0.872381	0.666884
0.877826	0.886556	0.446411
0.988583	0.909620	0.595769
0.826092	0.901371	0.802387
0.712051	0.891921	0.783327
0.735356	0.939251	0.579592
0.945898	0.930202	0.762985
0.880950	0.899770	0.595528
0.683942	0.948141	0.308746
0.739921	0.893683	0.468915
0.911622	0.901772	0.598011
0.795339	0.856043	0.557408
0.639495	0.720140	0.492059
0.872381	0.628203	0.391153
0.835462	1.030387	0.492380
0.694433	1.093254	0.516645
0.630846	0.930842	0.447052
0.631326	0.587120	0.459705
0.555006	0.305062	0.503511
0.642458	0.396999	0.501589
0.739040	1.426485	0.547398
0.995150	1.183269	0.557648
0.900170	0.993548	0.552763
0.656072	0.901051	0.449374
0.825851	0.842269	0.324282
0.509197	0.466672	0.446571
0.770353	1.071951	0.447532
0.489256	0.701961	0.559250
0.494302	1.000676	0.550681
0.436721	0.944777	0.644860
0.505513	1.029026	0.715655
0.339819	1.033831	0.825211
0.489657	0.226979	0.774357
0.558369	1.096537	0.857405
0.656313	0.784928	0.642378
0.630846	1.014611	0.720460
0.770193	0.940613	0.771554
0.797341	1.093094	0.826572
0.750812	1.089089	0.927959
0.739600	0.954948	1.015171
0.626521	0.942374	0.992027
0.584236	0.608822	1.070510
0.720460	0.265900	1.063863
0.497185	0.551642	1.087167
0.825691	1.300192	1.013249
0.966240	1.234363	0.978733
0.515924	1.322456	0.890960
0.788052	1.544450	0.844511
0.584236	1.329423	1.070670
0.641897	1.202889	0.954067
0.845793	1.349364	0.766749
1.390527	1.499763	0.678496
1.156120	1.398936	0.774197
1.223471	1.616126	0.766829
1.212259	1.771650	0.673931
1.079639	1.738415	0.579672
1.132335	1.766524	0.490938
1.313006	1.866950	0.262457
1.045603	1.759237	0.273749
0.960714	1.493676	0.535225
0.901852	1.386844	0.589842
0.935247	1.368584	0.572224
0.929881	1.518663	0.559891
0.930041	1.415274	0.643819
0.919951	1.288260	0.706445
0.898248	1.259910	0.647503
0.879828	0.880389	0.558369
0.880149	0.909300	0.484932
0.954387	0.886876	0.490458
0.931883	0.893603	0.556047
0.892402	0.832979	0.619634
0.859407	0.779563	0.593446
0.871660	0.811677	0.436080
0.853801	0.812638	0.526095
0.863011	0.822648	0.473079
0.850678	0.819525	0.388910
0.927078	0.811196	0.617231
0.908739	0.810635	0.618112
0.868216	0.789493	0.579271
0.930922	0.814319	0.521210
0.940132	0.872301	0.513362
0.907137	0.817763	0.490217
0.871179	0.811196	0.518567
0.826492	0.842269	0.506635
0.808393	0.852119	0.473159
0.806071	0.849316	0.558289
0.824250	0.849476	0.579992
0.880309	0.879668	0.504793
0.906497	0.817443	0.503431
0.921392	0.814880	0.668405
0.827533	0.832018	0.635090
0.831618	0.836823	0.536746
0.771875	0.792937	0.681059
0.826252	0.757459	0.758901
0.835782	1.006602	0.603857
0.815441	0.961595	0.536987
0.927399	0.820165	0.579752
0.815040	0.821046	0.625400
0.795259	0.855803	0.720060
0.828494	0.934366	0.795099
0.873262	0.942935	0.612666
0.925477	0.947820	0.762905
1.112554	0.890400	0.912823
1.051450	0.842269	0.784528
0.854281	0.862530	0.413576
1.288179	0.849076	0.558049
0.879108	0.859327	0.616991
0.898328	0.950463	0.389951
0.794859	0.958071	0.357277
0.650306	0.893042	0.514323
0.959673	0.803668	0.533143
0.684582	0.817122	0.410773
1.039517	0.890159	0.491819
0.978973	0.861089	0.449214
0.816482	0.822808	0.412856
0.718778	0.781805	0.446331
0.744325	0.571823	0.434719
0.549880	0.692751	0.558850
0.576949	0.641337	0.572304
0.553564	0.934446	0.521210
0.930362	0.686745	0.480767
0.822408	0.725105	0.550681
0.736717	0.810716	0.401564
0.738239	0.703803	0.380582
0.580152	0.653269	0.492700
0.529299	1.116718	0.594247
0.496063	0.755537	0.664241
0.564936	0.719499	0.649185
0.449534	0.938290	0.807272
0.379861	0.893843	0.944777
0.328767	1.074514	0.838265
0.563735	0.938050	0.825451
0.578951	1.164529	0.818644
0.587280	0.813118	0.666003
0.656313	1.120563	0.642698
0.870459	1.036554	0.728629
1.037595	0.754977	0.853320
0.870859	1.026463	0.920672
0.676174	0.779563	0.909139
0.505754	0.786770	0.974568
0.626441	1.084284	0.992507
0.777881	0.808153	0.968482
0.780123	0.603297	1.022779
0.979454	1.414873	1.014611
0.746087	1.238527	0.972166
0.735997	1.235404	0.890560
0.321159	1.516981	0.929481
0.670728	1.398296	1.000356
0.795499	1.538043	0.861409
1.291543	1.376433	0.934686
1.268479	1.544770	0.774838
1.218746	1.691245	0.780123
1.177983	1.626056	0.809514
1.180386	1.534119	0.674892
1.092293	1.561508	0.664962
1.089330	1.529554	0.679457
1.254704	1.572159	0.484852
1.123205	1.722558	0.389951
0.934927	1.717433	0.537067
0.864372	1.493196	0.591284
0.939972	1.322936	0.519528
0.925717	1.381478	0.616270
0.890079	1.557824	0.649105
0.960313	1.495038	0.493260
0.939331	1.429288	0.581834
0.916667	1.198405	0.516405
0.945578	1.015572	0.550921
0.870539	0.889599	0.504552
0.886235	0.855963	0.550601
0.931002	0.805350	0.569581
0.950543	0.813278	0.519528
0.935407	0.836743	0.516405
0.852279	0.849717	0.379380
0.798783	0.841948	0.255089
0.853000	0.794538	0.324362
0.850838	0.839226	0.551001
0.832979	0.839946	0.523532
0.889118	0.755457	0.286883
0.925076	0.789573	0.389311
0.892962	0.853240	0.535305
0.865093	0.852359	0.513041
0.878067	0.876385	0.470757
0.871580	0.820326	0.518327
0.853961	0.757619	0.597050
0.835221	0.794939	0.553244
0.851559	0.849156	0.378499
0.824490	0.849396	0.459465
0.833460	0.820406	0.537948
0.831858	0.856844	0.572624
0.800785	0.805430	0.637252
0.873982	0.748009	0.575828
0.822808	0.771154	0.639495
0.862450	0.821367	0.706125
0.881991	1.006602	0.758661
0.862770	0.953586	0.757700
0.908419	0.839386	0.663120
0.860448	0.792616	0.680018
0.806551	0.859167	0.738479
0.812477	0.926998	0.762825
0.818724	0.923795	0.725265
0.864692	0.974568	0.941734
0.868617	0.937409	1.008364
1.092052	0.909860	0.846433
0.688587	0.822408	0.582715
0.632928	0.902172	0.574867
0.686184	0.859167	0.558049
1.027184	0.859727	0.504312
0.694753	0.940533	0.412215
0.733754	0.937489	0.332611
0.855002	0.883352	0.514723
0.855082	1.007323	0.533543
0.528017	0.958231	0.471077
0.695234	0.782686	0.491979
0.920511	0.901611	0.461387
0.900971	1.007323	0.492380
0.814800	0.899049	0.470837
0.823689	0.746007	0.517366
0.495503	0.745286	0.558850
0.667765	0.674091	0.490377
0.546517	0.805030	0.548279
0.706285	0.922273	0.443768
0.614508	1.124887	0.470837
0.695874	0.720140	0.525134
0.872701	0.721742	0.486533
0.616991	0.644460	0.596009
0.528818	0.982497	0.503511
0.427591	0.849316	0.517126
0.421345	0.949902	0.663760
0.437602	0.817523	0.880629
0.448093	0.943976	0.768271
0.491819	1.272723	0.819285
0.548999	1.089410	0.703002
0.646382	1.037595	0.618513
0.712692	1.039837	0.723744
0.754096	0.703643	0.922353
0.528578	0.692030	1.050328
0.495343	0.693632	1.010046
0.469555	0.701320	0.930682
0.599212	0.936849	1.016933
0.801105	1.178223	1.076596
0.801025	0.931963	1.074114
0.751933	0.585598	1.008364
0.929161	0.820486	0.892722
0.632527	1.275526	0.875904
0.687626	1.201528	0.972246
0.654471	1.210978	1.039917
0.616030	1.479261	0.817523
1.048727	1.667220	0.738399
1.377233	1.552539	0.762665
1.338392	1.547493	0.794538
1.180466	1.627818	0.838104
1.142185	1.607476	0.806231
1.211378	1.517461	0.765388
1.190076	1.548054	0.675293
1.136259	1.521946	0.698357
1.323417	1.613483	0.754496
1.346321	1.697171	0.696034
0.967681	1.752109	0.603136
0.849156	1.594022	0.601855
0.922033	1.377394	0.599533
0.855162	1.349524	0.590243
0.878948	1.160445	0.647503
0.928840	1.348403	0.553164
0.920992	1.288019	0.597370
0.911061	0.986261	0.596489
0.966720	0.940693	0.550921
0.851719	0.889999	0.504072
0.898328	0.859087	0.484852
0.983618	0.896406	0.490057
0.980335	0.853240	0.577269
0.874463	0.852840	0.576148
0.743605	0.856604	0.470917
0.753936	0.841148	0.390752
0.854201	0.851639	0.519368
0.854041	0.794699	0.619233
0.778682	0.878707	0.357117
0.851398	0.849396	0.378499
0.889359	0.792216	0.435439
0.849396	0.779723	0.434799
0.940292	0.804869	0.521290
0.960073	0.841868	0.520009
0.887597	0.779402	0.516725
0.852520	0.811036	0.649425
0.826252	0.793978	0.707086
0.862851	0.813278	0.553164
0.833219	0.810075	0.470997
0.908659	0.772996	0.551482
0.814800	0.772755	0.573585
0.795980	0.752814	0.579511
0.902973	0.776760	0.599453
0.873422	0.803748	0.547638
0.869177	0.906096	0.458504
0.890320	0.880389	0.492139
0.817363	0.813038	0.391153
0.920271	0.912263	0.574787
0.966720	0.879668	0.550921
0.833379	0.889599	0.435279
0.824170	0.899289	0.484691
0.803508	0.886315	0.779723
0.827533	0.893122	0.925156
0.873342	0.942535	0.731752
0.907378	0.948141	0.679377
1.233402	0.849557	0.800144
0.656232	0.942374	0.766349
0.214406	0.822648	0.486213
0.600574	0.782205	0.490217
0.469876	0.899209	0.490938
0.957751	0.898969	0.401163
0.974248	0.817443	0.503591
0.706045	0.902973	0.569901
0.328366	0.852119	0.533543
0.599292	0.896246	0.503511
0.958471	0.859807	0.525134
0.882311	0.775318	0.506875
0.679537	0.901772	0.448894
0.779643	0.675853	0.483891
0.871019	0.756018	0.435119
0.678256	0.940372	0.460025
0.468995	1.023500	0.516725
0.358638	0.892642	0.521450
0.582234	1.051370	0.554445
0.409492	0.907057	0.616911
0.978573	0.668005	0.460346
0.773076	0.703643	0.597050
0.510238	1.040238	0.619153
0.515924	1.015892	0.523693
0.529058	1.093574	0.672009
0.528818	0.951184	0.764186
0.487975	0.896967	0.806791
0.448413	1.120563	0.750492
0.673931	1.274085	0.643099
0.796220	1.183028	0.798383
0.616430	1.083003	0.722462
0.729510	0.901692	1.024621
0.746728	0.892001	1.096457
0.654551	0.879268	0.919390
0.685864	0.888958	0.890640
0.778922	0.961114	0.891281
0.821527	1.056495	1.018215
0.828094	1.154919	1.109271
0.665682	0.842429	1.054012
0.563094	0.465311	0.967921
0.271907	1.247977	0.855483
0.272387	1.189836	0.758500
0.648144	1.108550	0.846193
1.016853	1.410469	0.843790
0.996832	1.654486	0.807112
1.370506	1.543489	0.648384
1.295787	1.419518	0.662239
1.325899	1.613803	0.691550
1.267758	1.709744	0.590003
1.218506	1.704459	0.695554
1.199766	1.682916	0.774037
1.224913	1.658330	0.767310
1.280972	1.756834	0.894404
1.298991	1.710545	0.772355
0.957030	1.640311	0.594808
0.927799	1.544370	0.641257
0.964478	1.243733	0.623878
0.845953	1.376913	0.555726
0.864692	1.312845	0.612666
0.814319	1.125207	0.679137
0.824810	1.210978	0.706045
0.969443	0.851398	0.706926
1.050328	0.823049	0.618913
0.936368	0.878787	0.572224
0.851879	0.880229	0.504472
0.871820	1.015812	0.518327
0.821847	0.937409	0.579592
0.747849	0.777000	0.569981
0.782366	0.803828	0.533543
0.822088	0.807993	0.422225
0.861409	0.889759	0.389951
0.853721	0.822408	0.425429
0.826492	0.785169	0.324763
0.860208	0.791976	0.558289
0.889359	0.782606	0.573025
0.871099	0.849476	0.401003
0.943736	0.855883	0.484051
0.970244	0.787651	0.570302
0.902653	0.766349	0.568860
0.859247	0.779483	0.601535
0.834821	0.783086	0.757539
0.826732	0.757139	0.698918
0.836102	0.823049	0.553324
0.824010	0.859567	0.616751
0.745126	0.850197	0.648384
0.798062	0.773076	0.491579
0.906176	0.789653	0.490377
0.884153	0.834340	0.457222
0.792136	0.852840	0.271667
0.804389	0.846834	0.193344
0.899449	0.849877	0.300817
0.900891	0.901852	0.402525
0.882071	0.891921	0.473239
0.888718	0.898889	0.388990
0.888958	0.879508	0.253648
0.870699	0.859006	0.368569
0.885755	0.896806	0.593446
0.921472	0.853080	0.548599
0.921552	0.872220	0.658315
1.036634	0.846834	0.719900
1.336150	0.811356	0.491659
0.580312	0.822408	0.437041
0.551482	0.775638	0.505513
1.037355	0.792456	0.601535
1.111032	0.849316	0.537627
0.947180	0.650707	0.538108
0.915306	0.674171	0.551162
0.970084	0.768351	0.501429
0.574706	0.902012	0.513282
0.709729	0.742804	0.571984
0.754176	0.719900	0.436240
0.680578	0.964077	0.344383
0.671449	0.963517	0.390432
0.797021	0.754656	0.410934
0.631006	0.820566	0.484451
0.302419	0.791976	0.485012
0.605859	0.817363	0.601054
0.864933	0.843630	0.548599
0.183173	0.766189	0.554445
0.563094	0.665282	0.470837
0.789093	0.494141	0.539229
0.411094	1.039757	0.674572
0.496464	1.017894	0.697716
0.669927	1.174940	0.639255
0.608102	0.993388	0.728709
0.529138	1.093254	0.680899
0.426150	1.023100	0.815360
0.714694	1.238287	0.692110
0.731272	1.177743	0.775558
0.599853	0.717177	0.909700
0.565096	1.061220	0.800705
0.687946	0.757299	0.643019
0.721181	0.703723	0.801506
0.694593	0.701480	0.771634
0.870539	0.693232	0.817042
1.144508	0.839946	0.911782
1.024541	1.136499	0.947740
1.001317	0.986501	0.914905
0.864372	0.597370	0.715895
0.677295	0.937649	0.771234
0.825131	1.188074	0.801266
0.440485	1.311724	0.604818
0.980014	1.429849	0.425028
1.253823	1.626777	0.551001
1.393571	1.599708	0.672169
1.417836	1.503367	0.648624
1.285136	1.621171	0.671048
1.159724	1.656889	0.725666
1.125448	1.668581	0.793257
1.265516	1.664737	0.825451
1.268479	1.573360	0.731352
1.270080	1.686680	0.741282
1.236285	1.674027	0.650386
0.957350	1.386844	0.490137
0.917869	1.360896	0.551722
0.909139	1.260791	0.573585
0.868376	1.343117	0.579351
0.893523	1.350565	0.621876
0.827453	1.213140	0.431756
0.887436	1.394211	0.434559
0.968002	1.037995	0.559971
0.892001	0.775799	0.620435
0.835862	0.842749	0.575107
0.870218	0.810395	0.602095
0.851639	0.909620	0.672169
0.833299	0.929241	0.594968
0.804069	0.817843	0.388990
0.800865	0.805190	0.409812
0.799824	0.813518	0.487094
0.813839	0.896166	0.490618
0.788772	0.910100	0.485733
0.882712	0.784448	0.369930
0.948941	0.813679	0.369450
0.861009	0.810475	0.483650
0.880149	0.821046	0.423507
0.899129	0.839946	0.379220
0.812958	0.771394	0.434719
0.819365	0.750332	0.387709
0.855082	0.776279	0.306984
0.786850	0.789173	0.389070
0.799103	0.756418	0.486293
0.836182	0.784448	0.666724
0.799504	0.964638	0.582475
0.736637	0.910020	0.640296
0.770433	0.792777	0.663760
0.806311	0.782686	0.524814
0.858045	0.789813	0.516565
0.810716	0.750172	0.409812
0.864292	0.871980	0.386668
0.878067	0.876465	0.410853
0.825211	0.840587	0.436240
0.817042	0.851959	0.540110
0.872701	0.902012	0.492219
0.797742	0.889679	0.378660
0.805590	0.879508	0.286883
0.851559	0.899850	0.204075
0.812958	0.857325	0.357597
0.801025	0.834741	0.515524
0.892322	0.852440	0.715735
1.163648	0.779643	0.411174
0.978332	0.850037	0.460746
1.157482	0.785169	0.526415
1.396934	0.747689	0.560451
1.080360	0.839706	0.558369
0.694673	0.429994	0.558850
0.928039	0.550441	0.504873
1.217785	0.753295	0.483891
0.921713	0.883592	0.501509
0.783247	1.029667	0.568300
0.916347	0.958872	0.446731
0.655512	0.890159	0.412695
0.580473	0.775478	0.437361
0.632608	0.892001	0.436561
0.850918	0.940132	0.523372
0.695073	0.693392	0.602976
0.516004	0.627082	0.602896
0.858206	1.034392	0.601535
0.486293	0.893683	0.599453
0.723023	0.670407	0.635491
0.292649	0.533623	0.579832
0.470677	1.039117	0.424708
0.428632	1.007563	0.449454
0.399802	1.007323	0.473239
0.495823	1.071311	0.647663
0.495903	0.993468	0.625000
0.515764	1.105747	0.680338
0.734155	1.089169	0.797902
0.748009	1.226835	0.858766
0.681619	0.804149	0.972246
1.056735	1.011888	0.852359
0.807032	0.755537	0.773396
0.721261	0.644620	0.775238
0.746328	0.644780	0.783166
1.016853	0.773636	0.825611
0.957110	0.840507	0.862690
0.806391	0.993709	0.950383
0.613708	0.886556	1.009085
0.533223	0.714214	0.906817
0.485973	0.530580	0.792857
0.804709	1.256066	0.861569
0.834421	1.284816	0.864692
1.010286	1.350966	0.666804
1.480062	1.441702	0.962956
1.197684	1.627017	0.999715
1.079800	1.586094	0.910741
1.176702	1.570558	0.872941
1.207454	1.621251	0.797982
1.281292	1.629019	0.777080
1.407666	1.559105	0.765948
1.263834	1.485348	0.671048
1.268158	1.598347	0.680818
1.409988	1.588416	0.698918
1.168613	1.338473	0.553244
0.870859	1.322376	0.523532
0.927238	1.399257	0.484291
0.879989	1.410789	0.602976
0.915466	1.355050	0.623878
0.792376	1.313166	0.457222
0.883032	1.336551	0.455621
0.878627	1.012208	0.411414
0.862130	0.773556	0.436080
0.854121	0.813038	0.391473
0.799344	0.784768	0.460586
0.779162	0.849396	0.490698
0.851799	0.879748	0.517126
0.889999	0.849316	0.573665
0.821447	0.856844	0.536987
0.874783	0.814960	0.445210
0.883272	0.842909	0.500308
0.822968	0.980895	0.516725
0.890800	0.880950	0.460826
0.873822	0.823849	0.561412
0.901131	0.842509	0.619714
0.889519	0.755697	0.624759
0.797341	0.756178	0.580392
0.788772	0.773877	0.538668
0.804629	0.744486	0.434799
0.828975	0.777400	0.331169
0.846033	0.832819	0.375937
0.822888	0.771234	0.422626
0.817202	0.702601	0.472679
0.808153	0.842669	0.425749
0.782125	0.892962	0.539549
0.797742	0.792136	0.523452
0.861009	0.840587	0.517446
0.889919	0.792216	0.517926
0.822408	0.743845	0.572544
0.855963	0.834981	0.614508
0.921713	0.892242	0.500628
0.878787	0.837704	0.503832
0.816241	0.840587	0.539790
0.817603	0.861970	0.474040
0.853961	0.861409	0.436561
0.833299	0.879588	0.378660
0.823849	0.930282	0.203354
0.823529	0.899049	0.227700
0.821927	0.937730	0.490458
0.883833	0.924035	0.700840
0.882872	0.851719	0.575908
1.129932	0.817923	0.490538
1.134978	0.773877	0.525134
1.083884	0.813759	0.506955
0.873181	0.653430	0.492700
0.889118	0.479806	0.471317
0.996752	0.480367	0.447372
0.880389	0.791896	0.460105
0.877987	1.023740	0.332931
0.706926	1.120643	0.444969
0.818243	1.051129	0.513682
0.614188	0.770433	0.490377
0.712372	0.565417	0.492460
0.729990	0.892242	0.461627
0.817282	1.085726	0.519368
0.815040	0.961915	0.572784
0.814479	0.651107	0.503992
0.608662	0.626922	0.581113
0.644860	0.948141	0.558049
0.575347	0.776600	0.591524
0.454500	0.851639	0.666563
0.449855	0.958872	0.616751
0.410853	1.060900	0.626201
0.510318	1.029747	0.597691
0.558209	1.237966	0.582074
0.536026	0.993468	0.736958
0.653750	1.082122	0.663520
0.770753	1.186152	0.663841
0.848836	1.280411	0.670808
0.706445	1.030227	0.614028
0.773636	1.119041	0.972406
0.668966	0.979854	0.929000
0.780764	0.940933	0.961915
0.807352	0.912183	0.857405
1.029426	0.721341	0.856123
0.937089	0.899689	0.798543
0.711251	1.106227	0.872461
0.529058	0.773316	1.011167
0.786770	0.780123	0.938450
0.731512	0.582955	1.046404
0.532982	0.871900	1.002918
0.831297	1.256146	1.071471
1.103104	1.451472	1.095736
1.327421	1.363859	1.034712
1.280491	1.508492	1.033270
1.288019	1.451632	0.891521
1.154038	1.531236	0.763225
1.188154	1.668341	0.524493
1.330865	1.662094	0.639575
1.419678	1.629259	0.733754
1.383961	1.546372	0.749611
1.263353	1.539965	0.703242
1.268879	1.570878	0.765147
1.246455	1.507451	0.783647
0.853641	1.428327	0.603937
0.851318	1.360256	0.624599
0.917708	1.411830	0.672089
0.918109	1.372989	0.580713
0.877746	1.318291	0.446491
0.874062	1.098139	0.331249
0.873982	0.953186	0.480927
0.886956	0.780283	0.536826
0.835301	0.773396	0.472519
0.854121	0.794378	0.526816
0.808393	0.862370	0.486373
0.824490	0.792937	0.400443
0.814880	0.792376	0.434799
0.806871	0.840267	0.559811
0.897047	0.818964	0.679777
0.932204	0.777801	0.592085
0.921873	0.872861	0.547478
0.813839	0.780524	0.617151
0.799103	0.774197	0.448653
0.882631	0.852920	0.493341
0.853801	0.757379	0.650386
0.833780	0.728309	0.680258
0.860528	0.746247	0.617552
0.851799	0.811036	0.538508
0.804069	0.817603	0.458744
0.818964	0.776760	0.457062
0.845793	0.766589	0.468114
0.786690	0.717577	0.503912
0.737999	0.755297	0.525374
0.772515	0.851879	0.506715
0.781805	0.843150	0.519448
0.770673	0.859247	0.524013
0.851719	0.840667	0.435039
0.798142	0.782606	0.696915
0.785569	0.780764	0.624279
0.865814	0.834100	0.556207
0.782926	0.851959	0.620435
0.778041	0.817282	0.551001
0.835221	0.859887	0.560211
0.863011	0.902572	0.540270
0.817042	0.933405	0.560371
0.797421	0.961595	0.484131
0.788292	0.930202	0.523933
0.753535	0.983938	0.424388
0.812798	0.948701	0.400362
0.971045	0.853881	0.501910
1.246696	0.813438	0.468274
1.286017	0.753055	0.470997
0.771875	0.811036	0.485412
0.790374	0.469075	0.554285
0.687706	0.774998	0.505273
0.977131	0.811116	0.504072
0.936929	0.719659	0.471558
0.909219	1.128651	0.460025
1.004680	0.938290	0.423347
0.893363	0.853641	0.356156
0.748009	0.813438	0.397720
0.786610	0.789974	0.367768
0.853160	0.792536	0.424708
0.721341	1.007804	0.474280
1.010126	1.086126	0.505834
0.608342	0.993548	0.523693
0.967441	0.535545	0.580392
0.780203	0.746328	0.618192
0.329488	0.856844	0.671529
0.582475	0.815360	0.701000
0.424788	0.872541	0.480927
0.409492	1.034472	0.503992
0.439844	1.106708	0.574947
0.558369	1.190877	0.741442
0.609623	1.119602	0.982577
0.719339	1.082522	0.551482
0.670407	1.116879	0.538028
0.670568	1.247737	0.721982
0.636772	0.780043	0.703082
0.706686	1.155559	0.955028
0.714294	1.073393	0.802066
0.868777	0.906577	0.780363
0.695794	0.811276	0.525454
0.772996	0.882712	0.493741
0.939812	1.202169	0.775398
0.851879	1.187033	0.844591
0.495743	0.910100	0.960233
0.421745	0.859247	1.159724
0.628924	1.243893	0.958311
0.846353	0.560612	0.776920
0.864132	1.062501	0.932604
1.077397	1.446587	1.009165
1.245094	1.411670	0.941413
1.169975	1.403741	0.944377
1.291703	1.468049	1.055294
1.220348	1.438098	0.798222
1.209376	1.654806	0.729029
1.336070	1.682035	0.721982
1.343278	1.691165	0.720220
1.246455	1.587616	0.760102
1.179104	1.505289	0.723584
1.286418	1.594903	0.639575
1.268238	1.573200	0.626521
0.772916	1.481584	0.627562
0.808313	1.428968	0.553724
0.851318	1.309001	0.484291
0.870298	1.222991	0.647984
0.908899	1.334068	0.573665
0.822248	1.195361	0.389151
0.855483	1.020217	0.237551
0.892402	0.785729	0.375857
0.897367	0.699638	0.551242
0.989384	0.783487	0.485813
0.930362	0.784608	0.493260
0.781565	0.721662	0.518968
0.824010	0.728309	0.558369
0.814720	0.792376	0.580232
0.797902	0.839866	0.460105
0.812878	0.780123	0.484211
0.874783	0.805590	0.488375
0.782045	0.842189	0.568780
0.717257	0.808233	0.579511
0.772115	0.811677	0.595929
0.835221	0.784848	0.683061
0.835702	0.775478	0.650386
0.806151	0.782526	0.579672
0.823769	0.849797	0.594728
0.806391	0.819685	0.573745
0.813038	0.780363	0.471237
0.774517	0.750011	0.592085
0.765228	0.748410	0.547237
0.769072	0.752975	0.388990
0.780764	0.773877	0.390672
0.826172	0.822728	0.486854
0.790534	0.851799	0.525775
0.770833	0.840747	0.594567
0.744886	0.773716	0.648064
0.880549	0.773476	0.491338
0.848756	0.817683	0.593767
0.846673	0.873822	0.692511
0.883592	0.872301	0.643739
0.868216	0.906657	0.624519
0.872461	0.951664	0.604097
0.799904	0.902572	0.605219
0.772996	0.911942	0.642538
0.779643	0.889999	0.624359
0.771074	0.899529	0.573345
0.879428	0.940372	0.552203
0.858126	0.808553	0.601455
0.731512	0.893523	0.432957
1.093013	0.713733	0.431756
0.768991	0.387068	0.446972
0.754736	0.651748	0.473239
0.790294	0.964718	0.561412
0.738479	0.954387	0.582395
0.728549	0.521530	0.523693
0.814720	0.746007	0.551882
0.861169	0.941013	0.459865
0.896646	0.808313	0.309226
0.748650	0.749931	0.321880
0.723183	0.975129	0.365526
0.717657	0.990986	0.434478
0.737438	0.729189	0.473319
1.125928	1.018615	0.391793
0.781485	1.085566	0.642698
0.852199	0.782606	0.523532
0.787972	0.962155	0.780924
0.586319	0.820406	0.721581
0.868777	0.674892	0.721101
0.467313	0.786690	0.482209
0.492620	0.923154	0.444089
0.549079	1.068908	0.910261
0.565497	1.212820	0.492299
0.558609	1.097098	0.758661
0.772435	1.215062	0.847314
0.601134	1.199286	0.558289
0.694993	0.811997	0.772675
0.616030	0.430234	0.921392
0.734795	0.586159	0.762825
0.865173	0.622597	0.795740
0.864773	0.739440	0.942455
0.813999	0.847474	0.853160
0.616831	0.881030	0.649746
0.610024	0.997312	0.507035
0.696435	0.996351	0.525935
0.578871	0.931243	0.558129
0.439364	0.693392	0.808313
0.631166	0.931002	0.912103
0.869097	0.609623	0.909540
1.137941	0.787331	0.803988
1.235644	1.479581	0.520249
1.368104	1.383240	0.400523
1.315488	1.505529	0.801426
1.280812	1.576884	0.820085
1.168854	1.507771	0.933485
1.221469	1.641993	1.020857
1.358654	1.669302	0.826893
1.313807	1.682115	0.649185
1.174620	1.595224	0.579431
1.116318	1.603713	0.599693
1.269440	1.642714	0.691390
1.320774	1.650882	0.640296
0.853401	1.587696	0.604418
0.863972	1.497280	0.708207
0.940132	1.326860	0.802867
0.909300	1.129852	0.647904
0.908659	1.199606	0.524253
0.918429	1.198164	0.472519
0.934766	0.991146	0.572064
0.970804	0.853641	0.515043
0.970324	0.739841	0.397960
0.995150	0.726146	0.517046
0.959833	0.756338	0.461066
0.817523	0.748890	0.461707
0.799263	0.730231	0.604898
0.815120	0.792376	0.572544
0.871259	0.860128	0.603136
0.871179	0.811356	0.618513
0.869257	0.819124	0.524093
0.801586	0.893683	0.535705
0.827934	0.842749	0.568780
0.822728	0.780924	0.602095
0.789813	0.774037	0.596409
0.864052	0.823209	0.651908
0.808633	0.822808	0.619874
0.787972	0.792136	0.579992
0.815521	0.755537	0.517926
0.834501	0.745687	0.472198
0.795980	0.744325	0.471477
0.793097	0.750252	0.457543
0.765468	0.749050	0.513522
0.778201	0.726387	0.572624
0.790294	0.756018	0.618993
0.781725	0.795179	0.540991
0.799023	0.852039	0.525695
0.908339	0.811276	0.516965
0.918349	0.755617	0.640376
0.871179	0.879668	0.863411
0.935087	0.857325	0.928920
0.931643	0.777160	0.734795
0.874303	0.803668	0.612827
0.858846	0.887276	0.601775
0.834981	0.890400	0.559891
0.817763	0.862050	0.620194
0.790214	0.943255	0.627162
0.770833	0.950863	0.551402
0.805991	0.951664	0.411895
0.788452	0.791896	0.368969
0.878067	1.013009	0.458984
0.912743	0.688426	0.482129
1.349524	0.881831	0.534264
0.751293	0.938450	0.640135
0.755057	1.017173	0.626841
0.713173	0.813759	0.576068
0.729830	0.351271	0.492620
0.787731	0.480287	0.602175
0.927479	0.820246	0.580072
0.871179	0.839866	0.423827
0.813438	0.691710	0.484051
0.723343	0.805510	0.535225
0.665843	0.891761	0.569101
0.735116	0.666323	0.551081
1.050328	0.746007	0.665442
0.863331	0.944056	0.487174
0.978653	0.627963	0.603857
0.937089	0.819845	0.679377
0.719339	0.643339	0.648304
0.806391	0.859167	0.696915
