0.000000
0.043982
0.087962
0.131939
0.175911
0.219875
0.263831
0.307777
0.351710
0.395630
0.439534
0.483420
0.527288
0.571134
0.614958
0.658758
0.702532
0.746278
0.789995
0.833680
0.877333
0.920951
0.964532
1.008075
1.051579
1.095041
1.138460
1.181834
1.225161
1.268440
1.311669
1.354846
1.397970
1.441038
1.484050
1.527003
1.569895
1.612726
1.655493
1.698195
1.740829
1.783395
1.825891
1.868314
1.910664
1.952938
1.995135
2.037253
2.079291
2.121247
2.163119
2.204906
2.246605
2.288216
2.329737
2.371165
2.412500
2.453740
2.494883
2.535928
2.576872
2.617714
2.658454
2.699088
2.739616
2.780035
2.820345
2.860544
2.900629
2.940600
2.980455
3.020192
3.059810
3.099308
3.138683
3.177933
3.217059
3.256058
3.294928
3.333667
3.372276
3.410751
3.449091
3.487296
3.525362
3.563290
3.601077
3.638721
3.676222
3.713578
3.750788
3.787849
3.824760
3.861521
3.898129
3.934584
3.970883
4.007025
4.043009
4.078833
4.114497
4.149998
4.185335
4.220507
4.255512
4.290349
4.325017
4.359514
4.393840
4.427991
4.461968
4.495769
4.529392
4.562836
4.596100
4.629183
4.662083
4.694799
4.727330
4.759674
4.791830
4.823797
4.855573
4.887158
4.918550
4.949747
4.980750
5.011555
5.042163
5.072572
5.102780
5.132787
5.162592
5.192192
5.221588
5.250777
5.279760
5.308533
5.337098
5.365451
5.393593
5.421521
5.449236
5.476736
5.504019
5.531085
5.557933
5.584561
5.610969
5.637155
5.663119
5.688859
5.714375
5.739665
5.764728
5.789564
5.814171
5.838549
5.862696
5.886612
5.910295
5.933746
5.956961
5.979942
6.002687
6.025194
6.047464
6.069495
6.091286
6.112837
6.134147
6.155214
6.176039
6.196619
6.216955
6.237046
6.256890
6.276487
6.295837
6.314938
6.333789
6.352391
6.370742
6.388841
6.406688
6.424282
6.441623
6.458709
6.475540
6.492116
6.508435
6.524498
6.540303
6.555849
6.571137
6.586165
6.600934
6.615442
6.629688
6.643673
6.657396
6.670855
6.684052
6.696984
6.709653
6.722056
6.734194
6.746066
6.757671
6.769010
6.780082
6.790886
6.801422
6.811690
6.821688
6.831417
6.840877
6.850066
6.858985
6.867634
6.876011
6.884116
6.891950
6.899512
6.906802
6.913818
6.920562
6.927033
6.933230
6.939153
6.944803
6.950178
6.955279
6.960106
6.964657
6.968934
6.972935
6.976661
6.980112
6.983288
6.986187
6.988811
6.991159
6.993231
6.995026
6.996546
6.997789
6.998756
6.999447
6.999862
7.000000
6.999862
6.999447
6.998756
6.997789
6.996546
6.995026
6.993231
6.991159
6.988811
6.986187
6.983288
6.980112
6.976661
6.972935
6.968934
6.964657
6.960106
6.955279
6.950178
6.944803
6.939153
6.933230
6.927033
6.920562
6.913818
6.906802
6.899512
6.891950
6.884116
6.876011
6.867634
6.858985
6.850066
6.840877
6.831417
6.821688
6.811690
6.801422
6.790886
6.780082
6.769010
6.757671
6.746066
6.734194
6.722056
6.709653
6.696984
6.684052
6.670855
6.657396
6.643673
6.629688
6.615442
6.600934
6.586165
6.571137
6.555849
6.540303
6.524498
6.508435
6.492116
6.475540
6.458709
6.441623
6.424282
6.406688
6.388841
6.370742
6.352391
6.333789
6.314938
6.295837
6.276487
6.256890
6.237046
6.216955
6.196619
6.176039
6.155214
6.134147
6.112837
6.091286
6.069495
6.047464
6.025194
6.002687
5.979942
5.956961
5.933746
5.910295
5.886612
5.862696
5.838549
5.814171
5.789564
5.764728
5.739665
5.714375
5.688859
5.663119
5.637155
5.610969
5.584561
5.557933
5.531085
5.504019
5.476736
5.449236
5.421521
5.393593
5.365451
5.337098
5.308533
5.279760
5.250777
5.221588
5.192192
5.162592
5.132787
5.102780
5.072572
5.042163
5.011555
4.980750
4.949747
4.918550
4.887158
4.855573
4.823797
4.791830
4.759674
4.727330
4.694799
4.662083
4.629183
4.596100
4.562836
4.529392
4.495769
4.461968
4.427991
4.393840
4.359514
4.325017
4.290349
4.255512
4.220507
4.185335
4.149998
4.114497
4.078833
4.043009
4.007025
3.970883
3.934584
3.898129
3.861521
3.824760
3.787849
3.750788
3.713578
3.676222
3.638721
3.601077
3.563290
3.525362
3.487296
3.449091
3.410751
3.372276
3.333667
3.294928
3.256058
3.217059
3.177933
3.138683
3.099308
3.059810
3.020192
2.980455
2.940600
2.900629
2.860544
2.820345
2.780035
2.739616
2.699088
2.658454
2.617714
2.576872
2.535928
2.494883
2.453740
2.412500
2.371165
2.329737
2.288216
2.246605
2.204906
2.163119
2.121247
2.079291
2.037253
1.995135
1.952938
1.910664
1.868314
1.825891
1.783395
1.740829
1.698195
1.655493
1.612726
1.569895
1.527003
1.484050
1.441038
1.397970
1.354846
1.311669
1.268440
1.225161
1.181834
1.138460
1.095041
1.051579
1.008075
0.964532
0.920951
0.877333
0.833680
0.789995
0.746278
0.702532
0.658758
0.614958
0.571134
0.527288
0.483420
0.439534
0.395630
0.351710
0.307777
0.263831
0.219875
0.175911
0.131939
0.087962
0.043982
0.000000
-0.043982
-0.087962
-0.131939
-0.175911
-0.219875
-0.263831
-0.307777
-0.351710
-0.395630
-0.439534
-0.483420
-0.527288
-0.571134
-0.614958
-0.658758
-0.702532
-0.746278
-0.789995
-0.833680
-0.877333
-0.920951
-0.964532
-1.008075
-1.051579
-1.095041
-1.138460
-1.181834
-1.225161
-1.268440
-1.311669
-1.354846
-1.397970
-1.441038
-1.484050
-1.527003
-1.569895
-1.612726
-1.655493
-1.698195
-1.740829
-1.783395
-1.825891
-1.868314
-1.910664
-1.952938
-1.995135
-2.037253
-2.079291
-2.121247
-2.163119
-2.204906
-2.246605
-2.288216
-2.329737
-2.371165
-2.412500
-2.453740
-2.494883
-2.535928
-2.576872
-2.617714
-2.658454
-2.699088
-2.739616
-2.780035
-2.820345
-2.860544
-2.900629
-2.940600
-2.980455
-3.020192
-3.059810
-3.099308
-3.138683
-3.177933
-3.217059
-3.256058
-3.294928
-3.333667
-3.372276
-3.410751
-3.449091
-3.487296
-3.525362
-3.563290
-3.601077
-3.638721
-3.676222
-3.713578
-3.750788
-3.787849
-3.824760
-3.861521
-3.898129
-3.934584
-3.970883
-4.007025
-4.043009
-4.078833
-4.114497
-4.149998
-4.185335
-4.220507
-4.255512
-4.290349
-4.325017
-4.359514
-4.393840
-4.427991
-4.461968
-4.495769
-4.529392
-4.562836
-4.596100
-4.629183
-4.662083
-4.694799
-4.727330
-4.759674
-4.791830
-4.823797
-4.855573
-4.887158
-4.918550
-4.949747
-4.980750
-5.011555
-5.042163
-5.072572
-5.102780
-5.132787
-5.162592
-5.192192
-5.221588
-5.250777
-5.279760
-5.308533
-5.337098
-5.365451
-5.393593
-5.421521
-5.449236
-5.476736
-5.504019
-5.531085
-5.557933
-5.584561
-5.610969
-5.637155
-5.663119
-5.688859
-5.714375
-5.739665
-5.764728
-5.789564
-5.814171
-5.838549
-5.862696
-5.886612
-5.910295
-5.933746
-5.956961
-5.979942
-6.002687
-6.025194
-6.047464
-6.069495
-6.091286
-6.112837
-6.134147
-6.155214
-6.176039
-6.196619
-6.216955
-6.237046
-6.256890
-6.276487
-6.295837
-6.314938
-6.333789
-6.352391
-6.370742
-6.388841
-6.406688
-6.424282
-6.441623
-6.458709
-6.475540
-6.492116
-6.508435
-6.524498
-6.540303
-6.555849
-6.571137
-6.586165
-6.600934
-6.615442
-6.629688
-6.643673
-6.657396
-6.670855
-6.684052
-6.696984
-6.709653
-6.722056
-6.734194
-6.746066
-6.757671
-6.769010
-6.780082
-6.790886
-6.801422
-6.811690
-6.821688
-6.831417
-6.840877
-6.850066
-6.858985
-6.867634
-6.876011
-6.884116
-6.891950
-6.899512
-6.906802
-6.913818
-6.920562
-6.927033
-6.933230
-6.939153
-6.944803
-6.950178
-6.955279
-6.960106
-6.964657
-6.968934
-6.972935
-6.976661
-6.980112
-6.983288
-6.986187
-6.988811
-6.991159
-6.993231
-6.995026
-6.996546
-6.997789
-6.998756
-6.999447
-6.999862
-7.000000
-6.999862
-6.999447
-6.998756
-6.997789
-6.996546
-6.995026
-6.993231
-6.991159
-6.988811
-6.986187
-6.983288
-6.980112
-6.976661
-6.972935
-6.968934
-6.964657
-6.960106
-6.955279
-6.950178
-6.944803
-6.939153
-6.933230
-6.927033
-6.920562
-6.913818
-6.906802
-6.899512
-6.891950
-6.884116
-6.876011
-6.867634
-6.858985
-6.850066
-6.840877
-6.831417
-6.821688
-6.811690
-6.801422
-6.790886
-6.780082
-6.769010
-6.757671
-6.746066
-6.734194
-6.722056
-6.709653
-6.696984
-6.684052
-6.670855
-6.657396
-6.643673
-6.629688
-6.615442
-6.600934
-6.586165
-6.571137
-6.555849
-6.540303
-6.524498
-6.508435
-6.492116
-6.475540
-6.458709
-6.441623
-6.424282
-6.406688
-6.388841
-6.370742
-6.352391
-6.333789
-6.314938
-6.295837
-6.276487
-6.256890
-6.237046
-6.216955
-6.196619
-6.176039
-6.155214
-6.134147
-6.112837
-6.091286
-6.069495
-6.047464
-6.025194
-6.002687
-5.979942
-5.956961
-5.933746
-5.910295
-5.886612
-5.862696
-5.838549
-5.814171
-5.789564
-5.764728
-5.739665
-5.714375
-5.688859
-5.663119
-5.637155
-5.610969
-5.584561
-5.557933
-5.531085
-5.504019
-5.476736
-5.449236
-5.421521
-5.393593
-5.365451
-5.337098
-5.308533
-5.279760
-5.250777
-5.221588
-5.192192
-5.162592
-5.132787
-5.102780
-5.072572
-5.042163
-5.011555
-4.980750
-4.949747
-4.918550
-4.887158
-4.855573
-4.823797
-4.791830
-4.759674
-4.727330
-4.694799
-4.662083
-4.629183
-4.596100
-4.562836
-4.529392
-4.495769
-4.461968
-4.427991
-4.393840
-4.359514
-4.325017
-4.290349
-4.255512
-4.220507
-4.185335
-4.149998
-4.114497
-4.078833
-4.043009
-4.007025
-3.970883
-3.934584
-3.898129
-3.861521
-3.824760
-3.787849
-3.750788
-3.713578
-3.676222
-3.638721
-3.601077
-3.563290
-3.525362
-3.487296
-3.449091
-3.410751
-3.372276
-3.333667
-3.294928
-3.256058
-3.217059
-3.177933
-3.138683
-3.099308
-3.059810
-3.020192
-2.980455
-2.940600
-2.900629
-2.860544
-2.820345
-2.780035
-2.739616
-2.699088
-2.658454
-2.617714
-2.576872
-2.535928
-2.494883
-2.453740
-2.412500
-2.371165
-2.329737
-2.288216
-2.246605
-2.204906
-2.163119
-2.121247
-2.079291
-2.037253
-1.995135
-1.952938
-1.910664
-1.868314
-1.825891
-1.783395
-1.740829
-1.698195
-1.655493
-1.612726
-1.569895
-1.527003
-1.484050
-1.441038
-1.397970
-1.354846
-1.311669
-1.268440
-1.225161
-1.181834
-1.138460
-1.095041
-1.051579
-1.008075
-0.964532
-0.920951
-0.877333
-0.833680
-0.789995
-0.746278
-0.702532
-0.658758
-0.614958
-0.571134
-0.527288
-0.483420
-0.439534
-0.395630
-0.351710
-0.307777
-0.263831
-0.219875
-0.175911
-0.131939
-0.087962
-0.043982
