0.000000
0.037699
0.075396
0.113091
0.150781
0.188465
0.226141
0.263809
0.301466
0.339111
0.376743
0.414360
0.451961
0.489544
0.527107
0.564650
0.602170
0.639667
0.677138
0.714583
0.751999
0.789386
0.826742
0.864065
0.901354
0.938607
0.975823
1.013001
1.050138
1.087235
1.124288
1.161297
1.198260
1.235176
1.272043
1.308859
1.345625
1.382337
1.418994
1.455595
1.492139
1.528624
1.565049
1.601412
1.637712
1.673947
1.710116
1.746217
1.782249
1.818212
1.854102
1.889919
1.925662
1.961328
1.996917
2.032428
2.067858
2.103206
2.138471
2.173652
2.208747
2.243755
2.278675
2.313504
2.348242
2.382887
2.417439
2.451894
2.486253
2.520514
2.554676
2.588736
2.622695
2.656549
2.690299
2.723943
2.757479
2.790906
2.824224
2.857429
2.890522
2.923501
2.956364
2.989111
3.021739
3.054248
3.086637
3.118904
3.151048
3.183067
3.214961
3.246728
3.278366
3.309875
3.341254
3.372500
3.403614
3.434593
3.465436
3.496143
3.526712
3.557141
3.587430
3.617577
3.647582
3.677442
3.707158
3.736727
3.766148
3.795421
3.824544
3.853516
3.882336
3.911002
3.939515
3.967871
3.996071
4.024113
4.051997
4.079720
4.107283
4.134683
4.161920
4.188993
4.215900
4.242641
4.269214
4.295619
4.321854
4.347919
4.373812
4.399532
4.425079
4.450451
4.475647
4.500666
4.525508
4.550171
4.574655
4.598958
4.623079
4.647018
4.670774
4.694345
4.717731
4.740930
4.763942
4.786767
4.809402
4.831847
4.854102
4.876165
4.898036
4.919713
4.941196
4.962483
4.983575
5.004471
5.025168
5.045667
5.065968
5.086068
5.105967
5.125665
5.145160
5.164452
5.183541
5.202424
5.221103
5.239575
5.257840
5.275898
5.293747
5.311388
5.328819
5.346039
5.363049
5.379846
5.396432
5.412804
5.428962
5.444907
5.460636
5.476150
5.491447
5.506528
5.521391
5.536036
5.550463
5.564671
5.578659
5.592427
5.605974
5.619299
5.632403
5.645285
5.657943
5.670378
5.682590
5.694577
5.706339
5.717876
5.729187
5.740272
5.751131
5.761762
5.772166
5.782342
5.792290
5.802009
5.811499
5.820760
5.829790
5.838591
5.847161
5.855501
5.863609
5.871485
5.879130
5.886543
5.893724
5.900671
5.907386
5.913868
5.920116
5.926130
5.931910
5.937457
5.942769
5.947846
5.952688
5.957296
5.961668
5.965805
5.969706
5.973372
5.976802
5.979996
5.982953
5.985675
5.988160
5.990409
5.992422
5.994198
5.995737
5.997039
5.998105
5.998934
5.999526
5.999882
6.000000
5.999882
5.999526
5.998934
5.998105
5.997039
5.995737
5.994198
5.992422
5.990409
5.988160
5.985675
5.982953
5.979996
5.976802
5.973372
5.969706
5.965805
5.961668
5.957296
5.952688
5.947846
5.942769
5.937457
5.931910
5.926130
5.920116
5.913868
5.907386
5.900671
5.893724
5.886543
5.879130
5.871485
5.863609
5.855501
5.847161
5.838591
5.829790
5.820760
5.811499
5.802009
5.792290
5.782342
5.772166
5.761762
5.751131
5.740272
5.729187
5.717876
5.706339
5.694577
5.682590
5.670378
5.657943
5.645285
5.632403
5.619299
5.605974
5.592427
5.578659
5.564671
5.550463
5.536036
5.521391
5.506528
5.491447
5.476150
5.460636
5.444907
5.428962
5.412804
5.396432
5.379846
5.363049
5.346039
5.328819
5.311388
5.293747
5.275898
5.257840
5.239575
5.221103
5.202424
5.183541
5.164452
5.145160
5.125665
5.105967
5.086068
5.065968
5.045667
5.025168
5.004471
4.983575
4.962483
4.941196
4.919713
4.898036
4.876165
4.854102
4.831847
4.809402
4.786767
4.763942
4.740930
4.717731
4.694345
4.670774
4.647018
4.623079
4.598958
4.574655
4.550171
4.525508
4.500666
4.475647
4.450451
4.425079
4.399532
4.373812
4.347919
4.321854
4.295619
4.269214
4.242641
4.215900
4.188993
4.161920
4.134683
4.107283
4.079720
4.051997
4.024113
3.996071
3.967871
3.939515
3.911002
3.882336
3.853516
3.824544
3.795421
3.766148
3.736727
3.707158
3.677442
3.647582
3.617577
3.587430
3.557141
3.526712
3.496143
3.465436
3.434593
3.403614
3.372500
3.341254
3.309875
3.278366
3.246728
3.214961
3.183067
3.151048
3.118904
3.086637
3.054248
3.021739
2.989111
2.956364
2.923501
2.890522
2.857429
2.824224
2.790906
2.757479
2.723943
2.690299
2.656549
2.622695
2.588736
2.554676
2.520514
2.486253
2.451894
2.417439
2.382887
2.348242
2.313504
2.278675
2.243755
2.208747
2.173652
2.138471
2.103206
2.067858
2.032428
1.996917
1.961328
1.925662
1.889919
1.854102
1.818212
1.782249
1.746217
1.710116
1.673947
1.637712
1.601412
1.565049
1.528624
1.492139
1.455595
1.418994
1.382337
1.345625
1.308859
1.272043
1.235176
1.198260
1.161297
1.124288
1.087235
1.050138
1.013001
0.975823
0.938607
0.901354
0.864065
0.826742
0.789386
0.751999
0.714583
0.677138
0.639667
0.602170
0.564650
0.527107
0.489544
0.451961
0.414360
0.376743
0.339111
0.301466
0.263809
0.226141
0.188465
0.150781
0.113091
0.075396
0.037699
0.000000
-0.037699
-0.075396
-0.113091
-0.150781
-0.188465
-0.226141
-0.263809
-0.301466
-0.339111
-0.376743
-0.414360
-0.451961
-0.489544
-0.527107
-0.564650
-0.602170
-0.639667
-0.677138
-0.714583
-0.751999
-0.789386
-0.826742
-0.864065
-0.901354
-0.938607
-0.975823
-1.013001
-1.050138
-1.087235
-1.124288
-1.161297
-1.198260
-1.235176
-1.272043
-1.308859
-1.345625
-1.382337
-1.418994
-1.455595
-1.492139
-1.528624
-1.565049
-1.601412
-1.637712
-1.673947
-1.710116
-1.746217
-1.782249
-1.818212
-1.854102
-1.889919
-1.925662
-1.961328
-1.996917
-2.032428
-2.067858
-2.103206
-2.138471
-2.173652
-2.208747
-2.243755
-2.278675
-2.313504
-2.348242
-2.382887
-2.417439
-2.451894
-2.486253
-2.520514
-2.554676
-2.588736
-2.622695
-2.656549
-2.690299
-2.723943
-2.757479
-2.790906
-2.824224
-2.857429
-2.890522
-2.923501
-2.956364
-2.989111
-3.021739
-3.054248
-3.086637
-3.118904
-3.151048
-3.183067
-3.214961
-3.246728
-3.278366
-3.309875
-3.341254
-3.372500
-3.403614
-3.434593
-3.465436
-3.496143
-3.526712
-3.557141
-3.587430
-3.617577
-3.647582
-3.677442
-3.707158
-3.736727
-3.766148
-3.795421
-3.824544
-3.853516
-3.882336
-3.911002
-3.939515
-3.967871
-3.996071
-4.024113
-4.051997
-4.079720
-4.107283
-4.134683
-4.161920
-4.188993
-4.215900
-4.242641
-4.269214
-4.295619
-4.321854
-4.347919
-4.373812
-4.399532
-4.425079
-4.450451
-4.475647
-4.500666
-4.525508
-4.550171
-4.574655
-4.598958
-4.623079
-4.647018
-4.670774
-4.694345
-4.717731
-4.740930
-4.763942
-4.786767
-4.809402
-4.831847
-4.854102
-4.876165
-4.898036
-4.919713
-4.941196
-4.962483
-4.983575
-5.004471
-5.025168
-5.045667
-5.065968
-5.086068
-5.105967
-5.125665
-5.145160
-5.164452
-5.183541
-5.202424
-5.221103
-5.239575
-5.257840
-5.275898
-5.293747
-5.311388
-5.328819
-5.346039
-5.363049
-5.379846
-5.396432
-5.412804
-5.428962
-5.444907
-5.460636
-5.476150
-5.491447
-5.506528
-5.521391
-5.536036
-5.550463
-5.564671
-5.578659
-5.592427
-5.605974
-5.619299
-5.632403
-5.645285
-5.657943
-5.670378
-5.682590
-5.694577
-5.706339
-5.717876
-5.729187
-5.740272
-5.751131
-5.761762
-5.772166
-5.782342
-5.792290
-5.802009
-5.811499
-5.820760
-5.829790
-5.838591
-5.847161
-5.855501
-5.863609
-5.871485
-5.879130
-5.886543
-5.893724
-5.900671
-5.907386
-5.913868
-5.920116
-5.926130
-5.931910
-5.937457
-5.942769
-5.947846
-5.952688
-5.957296
-5.961668
-5.965805
-5.969706
-5.973372
-5.976802
-5.979996
-5.982953
-5.985675
-5.988160
-5.990409
-5.992422
-5.994198
-5.995737
-5.997039
-5.998105
-5.998934
-5.999526
-5.999882
-6.000000
-5.999882
-5.999526
-5.998934
-5.998105
-5.997039
-5.995737
-5.994198
-5.992422
-5.990409
-5.988160
-5.985675
-5.982953
-5.979996
-5.976802
-5.973372
-5.969706
-5.965805
-5.961668
-5.957296
-5.952688
-5.947846
-5.942769
-5.937457
-5.931910
-5.926130
-5.920116
-5.913868
-5.907386
-5.900671
-5.893724
-5.886543
-5.879130
-5.871485
-5.863609
-5.855501
-5.847161
-5.838591
-5.829790
-5.820760
-5.811499
-5.802009
-5.792290
-5.782342
-5.772166
-5.761762
-5.751131
-5.740272
-5.729187
-5.717876
-5.706339
-5.694577
-5.682590
-5.670378
-5.657943
-5.645285
-5.632403
-5.619299
-5.605974
-5.592427
-5.578659
-5.564671
-5.550463
-5.536036
-5.521391
-5.506528
-5.491447
-5.476150
-5.460636
-5.444907
-5.428962
-5.412804
-5.396432
-5.379846
-5.363049
-5.346039
-5.328819
-5.311388
-5.293747
-5.275898
-5.257840
-5.239575
-5.221103
-5.202424
-5.183541
-5.164452
-5.145160
-5.125665
-5.105967
-5.086068
-5.065968
-5.045667
-5.025168
-5.004471
-4.983575
-4.962483
-4.941196
-4.919713
-4.898036
-4.876165
-4.854102
-4.831847
-4.809402
-4.786767
-4.763942
-4.740930
-4.717731
-4.694345
-4.670774
-4.647018
-4.623079
-4.598958
-4.574655
-4.550171
-4.525508
-4.500666
-4.475647
-4.450451
-4.425079
-4.399532
-4.373812
-4.347919
-4.321854
-4.295619
-4.269214
-4.242641
-4.215900
-4.188993
-4.161920
-4.134683
-4.107283
-4.079720
-4.051997
-4.024113
-3.996071
-3.967871
-3.939515
-3.911002
-3.882336
-3.853516
-3.824544
-3.795421
-3.766148
-3.736727
-3.707158
-3.677442
-3.647582
-3.617577
-3.587430
-3.557141
-3.526712
-3.496143
-3.465436
-3.434593
-3.403614
-3.372500
-3.341254
-3.309875
-3.278366
-3.246728
-3.214961
-3.183067
-3.151048
-3.118904
-3.086637
-3.054248
-3.021739
-2.989111
-2.956364
-2.923501
-2.890522
-2.857429
-2.824224
-2.790906
-2.757479
-2.723943
-2.690299
-2.656549
-2.622695
-2.588736
-2.554676
-2.520514
-2.486253
-2.451894
-2.417439
-2.382887
-2.348242
-2.313504
-2.278675
-2.243755
-2.208747
-2.173652
-2.138471
-2.103206
-2.067858
-2.032428
-1.996917
-1.961328
-1.925662
-1.889919
-1.854102
-1.818212
-1.782249
-1.746217
-1.710116
-1.673947
-1.637712
-1.601412
-1.565049
-1.528624
-1.492139
-1.455595
-1.418994
-1.382337
-1.345625
-1.308859
-1.272043
-1.235176
-1.198260
-1.161297
-1.124288
-1.087235
-1.050138
-1.013001
-0.975823
-0.938607
-0.901354
-0.864065
-0.826742
-0.789386
-0.751999
-0.714583
-0.677138
-0.639667
-0.602170
-0.564650
-0.527107
-0.489544
-0.451961
-0.414360
-0.376743
-0.339111
-0.301466
-0.263809
-0.226141
-0.188465
-0.150781
-0.113091
-0.075396
-0.037699
