0.000000
0.031416
0.062830
0.094242
0.125650
0.157054
0.188451
0.219841
0.251222
0.282593
0.313953
0.345300
0.376634
0.407953
0.439256
0.470542
0.501809
0.533056
0.564282
0.595486
0.626666
0.657822
0.688951
0.720054
0.751128
0.782172
0.813186
0.844167
0.875115
0.906029
0.936907
0.967747
0.998550
1.029313
1.060036
1.090716
1.121354
1.151947
1.182495
1.212996
1.243449
1.273854
1.304208
1.334510
1.364760
1.394956
1.425096
1.455181
1.485208
1.515176
1.545085
1.574933
1.604718
1.634440
1.664098
1.693690
1.723215
1.752672
1.782059
1.811377
1.840623
1.869796
1.898895
1.927920
1.956868
1.985739
2.014532
2.043245
2.071878
2.100429
2.128896
2.157280
2.185579
2.213791
2.241916
2.269952
2.297899
2.325755
2.353520
2.381191
2.408768
2.436251
2.463637
2.490926
2.518116
2.545207
2.572198
2.599087
2.625873
2.652556
2.679134
2.705606
2.731972
2.758229
2.784378
2.810417
2.836345
2.862161
2.887864
2.913452
2.938926
2.964284
2.989525
3.014648
3.039651
3.064535
3.089298
3.113939
3.138457
3.162851
3.187120
3.211263
3.235280
3.259169
3.282929
3.306559
3.330059
3.353428
3.376664
3.399767
3.422736
3.445569
3.468267
3.490827
3.513250
3.535534
3.557678
3.579682
3.601545
3.623266
3.644843
3.666277
3.687566
3.708709
3.729706
3.750555
3.771257
3.791810
3.812213
3.832465
3.852566
3.872515
3.892312
3.911954
3.931442
3.950775
3.969952
3.988972
4.007835
4.026539
4.045085
4.063471
4.081696
4.099761
4.117663
4.135403
4.152979
4.170392
4.187640
4.204723
4.221640
4.238390
4.254972
4.271387
4.287633
4.303710
4.319617
4.335354
4.350919
4.366312
4.381533
4.396582
4.411456
4.426157
4.440682
4.455033
4.469207
4.483205
4.497026
4.510670
4.524135
4.537422
4.550530
4.563458
4.576206
4.588773
4.601159
4.613364
4.625386
4.637226
4.648882
4.660356
4.671645
4.682749
4.693669
4.704404
4.714953
4.725315
4.735492
4.745481
4.755283
4.764897
4.774323
4.783560
4.792609
4.801468
4.810138
4.818618
4.826908
4.835007
4.842916
4.850633
4.858159
4.865493
4.872634
4.879584
4.886341
4.892905
4.899275
4.905453
4.911436
4.917226
4.922822
4.928223
4.933430
4.938442
4.943259
4.947881
4.952307
4.956538
4.960574
4.964413
4.968057
4.971504
4.974755
4.977810
4.980668
4.983330
4.985795
4.988063
4.990134
4.992008
4.993685
4.995165
4.996447
4.997533
4.998421
4.999112
4.999605
4.999901
5.000000
4.999901
4.999605
4.999112
4.998421
4.997533
4.996447
4.995165
4.993685
4.992008
4.990134
4.988063
4.985795
4.983330
4.980668
4.977810
4.974755
4.971504
4.968057
4.964413
4.960574
4.956538
4.952307
4.947881
4.943259
4.938442
4.933430
4.928223
4.922822
4.917226
4.911436
4.905453
4.899275
4.892905
4.886341
4.879584
4.872634
4.865493
4.858159
4.850633
4.842916
4.835007
4.826908
4.818618
4.810138
4.801468
4.792609
4.783560
4.774323
4.764897
4.755283
4.745481
4.735492
4.725315
4.714953
4.704404
4.693669
4.682749
4.671645
4.660356
4.648882
4.637226
4.625386
4.613364
4.601159
4.588773
4.576206
4.563458
4.550530
4.537422
4.524135
4.510670
4.497026
4.483205
4.469207
4.455033
4.440682
4.426157
4.411456
4.396582
4.381533
4.366312
4.350919
4.335354
4.319617
4.303710
4.287633
4.271387
4.254972
4.238390
4.221640
4.204723
4.187640
4.170392
4.152979
4.135403
4.117663
4.099761
4.081696
4.063471
4.045085
4.026539
4.007835
3.988972
3.969952
3.950775
3.931442
3.911954
3.892312
3.872515
3.852566
3.832465
3.812213
3.791810
3.771257
3.750555
3.729706
3.708709
3.687566
3.666277
3.644843
3.623266
3.601545
3.579682
3.557678
3.535534
3.513250
3.490827
3.468267
3.445569
3.422736
3.399767
3.376664
3.353428
3.330059
3.306559
3.282929
3.259169
3.235280
3.211263
3.187120
3.162851
3.138457
3.113939
3.089298
3.064535
3.039651
3.014648
2.989525
2.964284
2.938926
2.913452
2.887864
2.862161
2.836345
2.810417
2.784378
2.758229
2.731972
2.705606
2.679134
2.652556
2.625873
2.599087
2.572198
2.545207
2.518116
2.490926
2.463637
2.436251
2.408768
2.381191
2.353520
2.325755
2.297899
2.269952
2.241916
2.213791
2.185579
2.157280
2.128896
2.100429
2.071878
2.043245
2.014532
1.985739
1.956868
1.927920
1.898895
1.869796
1.840623
1.811377
1.782059
1.752672
1.723215
1.693690
1.664098
1.634440
1.604718
1.574933
1.545085
1.515176
1.485208
1.455181
1.425096
1.394956
1.364760
1.334510
1.304208
1.273854
1.243449
1.212996
1.182495
1.151947
1.121354
1.090716
1.060036
1.029313
0.998550
0.967747
0.936907
0.906029
0.875115
0.844167
0.813186
0.782172
0.751128
0.720054
0.688951
0.657822
0.626666
0.595486
0.564282
0.533056
0.501809
0.470542
0.439256
0.407953
0.376634
0.345300
0.313953
0.282593
0.251222
0.219841
0.188451
0.157054
0.125650
0.094242
0.062830
0.031416
0.000000
-0.031416
-0.062830
-0.094242
-0.125650
-0.157054
-0.188451
-0.219841
-0.251222
-0.282593
-0.313953
-0.345300
-0.376634
-0.407953
-0.439256
-0.470542
-0.501809
-0.533056
-0.564282
-0.595486
-0.626666
-0.657822
-0.688951
-0.720054
-0.751128
-0.782172
-0.813186
-0.844167
-0.875115
-0.906029
-0.936907
-0.967747
-0.998550
-1.029313
-1.060036
-1.090716
-1.121354
-1.151947
-1.182495
-1.212996
-1.243449
-1.273854
-1.304208
-1.334510
-1.364760
-1.394956
-1.425096
-1.455181
-1.485208
-1.515176
-1.545085
-1.574933
-1.604718
-1.634440
-1.664098
-1.693690
-1.723215
-1.752672
-1.782059
-1.811377
-1.840623
-1.869796
-1.898895
-1.927920
-1.956868
-1.985739
-2.014532
-2.043245
-2.071878
-2.100429
-2.128896
-2.157280
-2.185579
-2.213791
-2.241916
-2.269952
-2.297899
-2.325755
-2.353520
-2.381191
-2.408768
-2.436251
-2.463637
-2.490926
-2.518116
-2.545207
-2.572198
-2.599087
-2.625873
-2.652556
-2.679134
-2.705606
-2.731972
-2.758229
-2.784378
-2.810417
-2.836345
-2.862161
-2.887864
-2.913452
-2.938926
-2.964284
-2.989525
-3.014648
-3.039651
-3.064535
-3.089298
-3.113939
-3.138457
-3.162851
-3.187120
-3.211263
-3.235280
-3.259169
-3.282929
-3.306559
-3.330059
-3.353428
-3.376664
-3.399767
-3.422736
-3.445569
-3.468267
-3.490827
-3.513250
-3.535534
-3.557678
-3.579682
-3.601545
-3.623266
-3.644843
-3.666277
-3.687566
-3.708709
-3.729706
-3.750555
-3.771257
-3.791810
-3.812213
-3.832465
-3.852566
-3.872515
-3.892312
-3.911954
-3.931442
-3.950775
-3.969952
-3.988972
-4.007835
-4.026539
-4.045085
-4.063471
-4.081696
-4.099761
-4.117663
-4.135403
-4.152979
-4.170392
-4.187640
-4.204723
-4.221640
-4.238390
-4.254972
-4.271387
-4.287633
-4.303710
-4.319617
-4.335354
-4.350919
-4.366312
-4.381533
-4.396582
-4.411456
-4.426157
-4.440682
-4.455033
-4.469207
-4.483205
-4.497026
-4.510670
-4.524135
-4.537422
-4.550530
-4.563458
-4.576206
-4.588773
-4.601159
-4.613364
-4.625386
-4.637226
-4.648882
-4.660356
-4.671645
-4.682749
-4.693669
-4.704404
-4.714953
-4.725315
-4.735492
-4.745481
-4.755283
-4.764897
-4.774323
-4.783560
-4.792609
-4.801468
-4.810138
-4.818618
-4.826908
-4.835007
-4.842916
-4.850633
-4.858159
-4.865493
-4.872634
-4.879584
-4.886341
-4.892905
-4.899275
-4.905453
-4.911436
-4.917226
-4.922822
-4.928223
-4.933430
-4.938442
-4.943259
-4.947881
-4.952307
-4.956538
-4.960574
-4.964413
-4.968057
-4.971504
-4.974755
-4.977810
-4.980668
-4.983330
-4.985795
-4.988063
-4.990134
-4.992008
-4.993685
-4.995165
-4.996447
-4.997533
-4.998421
-4.999112
-4.999605
-4.999901
-5.000000
-4.999901
-4.999605
-4.999112
-4.998421
-4.997533
-4.996447
-4.995165
-4.993685
-4.992008
-4.990134
-4.988063
-4.985795
-4.983330
-4.980668
-4.977810
-4.974755
-4.971504
-4.968057
-4.964413
-4.960574
-4.956538
-4.952307
-4.947881
-4.943259
-4.938442
-4.933430
-4.928223
-4.922822
-4.917226
-4.911436
-4.905453
-4.899275
-4.892905
-4.886341
-4.879584
-4.872634
-4.865493
-4.858159
-4.850633
-4.842916
-4.835007
-4.826908
-4.818618
-4.810138
-4.801468
-4.792609
-4.783560
-4.774323
-4.764897
-4.755283
-4.745481
-4.735492
-4.725315
-4.714953
-4.704404
-4.693669
-4.682749
-4.671645
-4.660356
-4.648882
-4.637226
-4.625386
-4.613364
-4.601159
-4.588773
-4.576206
-4.563458
-4.550530
-4.537422
-4.524135
-4.510670
-4.497026
-4.483205
-4.469207
-4.455033
-4.440682
-4.426157
-4.411456
-4.396582
-4.381533
-4.366312
-4.350919
-4.335354
-4.319617
-4.303710
-4.287633
-4.271387
-4.254972
-4.238390
-4.221640
-4.204723
-4.187640
-4.170392
-4.152979
-4.135403
-4.117663
-4.099761
-4.081696
-4.063471
-4.045085
-4.026539
-4.007835
-3.988972
-3.969952
-3.950775
-3.931442
-3.911954
-3.892312
-3.872515
-3.852566
-3.832465
-3.812213
-3.791810
-3.771257
-3.750555
-3.729706
-3.708709
-3.687566
-3.666277
-3.644843
-3.623266
-3.601545
-3.579682
-3.557678
-3.535534
-3.513250
-3.490827
-3.468267
-3.445569
-3.422736
-3.399767
-3.376664
-3.353428
-3.330059
-3.306559
-3.282929
-3.259169
-3.235280
-3.211263
-3.187120
-3.162851
-3.138457
-3.113939
-3.089298
-3.064535
-3.039651
-3.014648
-2.989525
-2.964284
-2.938926
-2.913452
-2.887864
-2.862161
-2.836345
-2.810417
-2.784378
-2.758229
-2.731972
-2.705606
-2.679134
-2.652556
-2.625873
-2.599087
-2.572198
-2.545207
-2.518116
-2.490926
-2.463637
-2.436251
-2.408768
-2.381191
-2.353520
-2.325755
-2.297899
-2.269952
-2.241916
-2.213791
-2.185579
-2.157280
-2.128896
-2.100429
-2.071878
-2.043245
-2.014532
-1.985739
-1.956868
-1.927920
-1.898895
-1.869796
-1.840623
-1.811377
-1.782059
-1.752672
-1.723215
-1.693690
-1.664098
-1.634440
-1.604718
-1.574933
-1.545085
-1.515176
-1.485208
-1.455181
-1.425096
-1.394956
-1.364760
-1.334510
-1.304208
-1.273854
-1.243449
-1.212996
-1.182495
-1.151947
-1.121354
-1.090716
-1.060036
-1.029313
-0.998550
-0.967747
-0.936907
-0.906029
-0.875115
-0.844167
-0.813186
-0.782172
-0.751128
-0.720054
-0.688951
-0.657822
-0.626666
-0.595486
-0.564282
-0.533056
-0.501809
-0.470542
-0.439256
-0.407953
-0.376634
-0.345300
-0.313953
-0.282593
-0.251222
-0.219841
-0.188451
-0.157054
-0.125650
-0.094242
-0.062830
-0.031416
