0.000000
0.025133
0.050264
0.075394
0.100520
0.125643
0.150761
0.175872
0.200977
0.226074
0.251162
0.276240
0.301307
0.326362
0.351405
0.376433
0.401447
0.426445
0.451426
0.476389
0.501333
0.526257
0.551161
0.576043
0.600902
0.625738
0.650549
0.675334
0.700092
0.724823
0.749525
0.774198
0.798840
0.823450
0.848028
0.872573
0.897083
0.921558
0.945996
0.970397
0.994760
1.019083
1.043366
1.067608
1.091808
1.115964
1.140077
1.164145
1.188166
1.212141
1.236068
1.259946
1.283774
1.307552
1.331278
1.354952
1.378572
1.402137
1.425648
1.449101
1.472498
1.495837
1.519116
1.542336
1.565495
1.588592
1.611626
1.634596
1.657502
1.680343
1.703117
1.725824
1.748463
1.771033
1.793533
1.815962
1.838319
1.860604
1.882816
1.904953
1.927015
1.949001
1.970909
1.992740
2.014493
2.036166
2.057758
2.079269
2.100699
2.122045
2.143307
2.164485
2.185577
2.206583
2.227502
2.248334
2.269076
2.289729
2.310291
2.330762
2.351141
2.371427
2.391620
2.411718
2.431721
2.451628
2.471438
2.491151
2.510765
2.530281
2.549696
2.569011
2.588224
2.607335
2.626343
2.645247
2.664047
2.682742
2.701331
2.719814
2.738188
2.756455
2.774613
2.792662
2.810600
2.828427
2.846143
2.863746
2.881236
2.898613
2.915875
2.933021
2.950052
2.966967
2.983765
3.000444
3.017006
3.033448
3.049770
3.065972
3.082053
3.098012
3.113849
3.129563
3.145154
3.160620
3.175962
3.191178
3.206268
3.221232
3.236068
3.250777
3.265357
3.279808
3.294130
3.308322
3.322384
3.336314
3.350112
3.363778
3.377312
3.390712
3.403978
3.417110
3.430107
3.442968
3.455694
3.468283
3.480735
3.493050
3.505227
3.517265
3.529165
3.540925
3.552546
3.564026
3.575366
3.586564
3.597621
3.608536
3.619308
3.629938
3.640424
3.650766
3.660965
3.671019
3.680927
3.690691
3.700309
3.709781
3.719106
3.728284
3.737316
3.746200
3.754935
3.763523
3.771962
3.780252
3.788393
3.796385
3.804226
3.811917
3.819458
3.826848
3.834087
3.841175
3.848111
3.854895
3.861527
3.868006
3.874333
3.880506
3.886527
3.892394
3.898107
3.903667
3.909072
3.914324
3.919420
3.924362
3.929149
3.933781
3.938257
3.942578
3.946744
3.950753
3.954607
3.958304
3.961846
3.965231
3.968459
3.971530
3.974445
3.977203
3.979804
3.982248
3.984534
3.986664
3.988636
3.990450
3.992107
3.993606
3.994948
3.996132
3.997158
3.998026
3.998737
3.999289
3.999684
3.999921
4.000000
3.999921
3.999684
3.999289
3.998737
3.998026
3.997158
3.996132
3.994948
3.993606
3.992107
3.990450
3.988636
3.986664
3.984534
3.982248
3.979804
3.977203
3.974445
3.971530
3.968459
3.965231
3.961846
3.958304
3.954607
3.950753
3.946744
3.942578
3.938257
3.933781
3.929149
3.924362
3.919420
3.914324
3.909072
3.903667
3.898107
3.892394
3.886527
3.880506
3.874333
3.868006
3.861527
3.854895
3.848111
3.841175
3.834087
3.826848
3.819458
3.811917
3.804226
3.796385
3.788393
3.780252
3.771962
3.763523
3.754935
3.746200
3.737316
3.728284
3.719106
3.709781
3.700309
3.690691
3.680927
3.671019
3.660965
3.650766
3.640424
3.629938
3.619308
3.608536
3.597621
3.586564
3.575366
3.564026
3.552546
3.540925
3.529165
3.517265
3.505227
3.493050
3.480735
3.468283
3.455694
3.442968
3.430107
3.417110
3.403978
3.390712
3.377312
3.363778
3.350112
3.336314
3.322384
3.308322
3.294130
3.279808
3.265357
3.250777
3.236068
3.221232
3.206268
3.191178
3.175962
3.160620
3.145154
3.129563
3.113849
3.098012
3.082053
3.065972
3.049770
3.033448
3.017006
3.000444
2.983765
2.966967
2.950052
2.933021
2.915875
2.898613
2.881236
2.863746
2.846143
2.828427
2.810600
2.792662
2.774613
2.756455
2.738188
2.719814
2.701331
2.682742
2.664047
2.645247
2.626343
2.607335
2.588224
2.569011
2.549696
2.530281
2.510765
2.491151
2.471438
2.451628
2.431721
2.411718
2.391620
2.371427
2.351141
2.330762
2.310291
2.289729
2.269076
2.248334
2.227502
2.206583
2.185577
2.164485
2.143307
2.122045
2.100699
2.079269
2.057758
2.036166
2.014493
1.992740
1.970909
1.949001
1.927015
1.904953
1.882816
1.860604
1.838319
1.815962
1.793533
1.771033
1.748463
1.725824
1.703117
1.680343
1.657502
1.634596
1.611626
1.588592
1.565495
1.542336
1.519116
1.495837
1.472498
1.449101
1.425648
1.402137
1.378572
1.354952
1.331278
1.307552
1.283774
1.259946
1.236068
1.212141
1.188166
1.164145
1.140077
1.115964
1.091808
1.067608
1.043366
1.019083
0.994760
0.970397
0.945996
0.921558
0.897083
0.872573
0.848028
0.823450
0.798840
0.774198
0.749525
0.724823
0.700092
0.675334
0.650549
0.625738
0.600902
0.576043
0.551161
0.526257
0.501333
0.476389
0.451426
0.426445
0.401447
0.376433
0.351405
0.326362
0.301307
0.276240
0.251162
0.226074
0.200977
0.175872
0.150761
0.125643
0.100520
0.075394
0.050264
0.025133
0.000000
-0.025133
-0.050264
-0.075394
-0.100520
-0.125643
-0.150761
-0.175872
-0.200977
-0.226074
-0.251162
-0.276240
-0.301307
-0.326362
-0.351405
-0.376433
-0.401447
-0.426445
-0.451426
-0.476389
-0.501333
-0.526257
-0.551161
-0.576043
-0.600902
-0.625738
-0.650549
-0.675334
-0.700092
-0.724823
-0.749525
-0.774198
-0.798840
-0.823450
-0.848028
-0.872573
-0.897083
-0.921558
-0.945996
-0.970397
-0.994760
-1.019083
-1.043366
-1.067608
-1.091808
-1.115964
-1.140077
-1.164145
-1.188166
-1.212141
-1.236068
-1.259946
-1.283774
-1.307552
-1.331278
-1.354952
-1.378572
-1.402137
-1.425648
-1.449101
-1.472498
-1.495837
-1.519116
-1.542336
-1.565495
-1.588592
-1.611626
-1.634596
-1.657502
-1.680343
-1.703117
-1.725824
-1.748463
-1.771033
-1.793533
-1.815962
-1.838319
-1.860604
-1.882816
-1.904953
-1.927015
-1.949001
-1.970909
-1.992740
-2.014493
-2.036166
-2.057758
-2.079269
-2.100699
-2.122045
-2.143307
-2.164485
-2.185577
-2.206583
-2.227502
-2.248334
-2.269076
-2.289729
-2.310291
-2.330762
-2.351141
-2.371427
-2.391620
-2.411718
-2.431721
-2.451628
-2.471438
-2.491151
-2.510765
-2.530281
-2.549696
-2.569011
-2.588224
-2.607335
-2.626343
-2.645247
-2.664047
-2.682742
-2.701331
-2.719814
-2.738188
-2.756455
-2.774613
-2.792662
-2.810600
-2.828427
-2.846143
-2.863746
-2.881236
-2.898613
-2.915875
-2.933021
-2.950052
-2.966967
-2.983765
-3.000444
-3.017006
-3.033448
-3.049770
-3.065972
-3.082053
-3.098012
-3.113849
-3.129563
-3.145154
-3.160620
-3.175962
-3.191178
-3.206268
-3.221232
-3.236068
-3.250777
-3.265357
-3.279808
-3.294130
-3.308322
-3.322384
-3.336314
-3.350112
-3.363778
-3.377312
-3.390712
-3.403978
-3.417110
-3.430107
-3.442968
-3.455694
-3.468283
-3.480735
-3.493050
-3.505227
-3.517265
-3.529165
-3.540925
-3.552546
-3.564026
-3.575366
-3.586564
-3.597621
-3.608536
-3.619308
-3.629938
-3.640424
-3.650766
-3.660965
-3.671019
-3.680927
-3.690691
-3.700309
-3.709781
-3.719106
-3.728284
-3.737316
-3.746200
-3.754935
-3.763523
-3.771962
-3.780252
-3.788393
-3.796385
-3.804226
-3.811917
-3.819458
-3.826848
-3.834087
-3.841175
-3.848111
-3.854895
-3.861527
-3.868006
-3.874333
-3.880506
-3.886527
-3.892394
-3.898107
-3.903667
-3.909072
-3.914324
-3.919420
-3.924362
-3.929149
-3.933781
-3.938257
-3.942578
-3.946744
-3.950753
-3.954607
-3.958304
-3.961846
-3.965231
-3.968459
-3.971530
-3.974445
-3.977203
-3.979804
-3.982248
-3.984534
-3.986664
-3.988636
-3.990450
-3.992107
-3.993606
-3.994948
-3.996132
-3.997158
-3.998026
-3.998737
-3.999289
-3.999684
-3.999921
-4.000000
-3.999921
-3.999684
-3.999289
-3.998737
-3.998026
-3.997158
-3.996132
-3.994948
-3.993606
-3.992107
-3.990450
-3.988636
-3.986664
-3.984534
-3.982248
-3.979804
-3.977203
-3.974445
-3.971530
-3.968459
-3.965231
-3.961846
-3.958304
-3.954607
-3.950753
-3.946744
-3.942578
-3.938257
-3.933781
-3.929149
-3.924362
-3.919420
-3.914324
-3.909072
-3.903667
-3.898107
-3.892394
-3.886527
-3.880506
-3.874333
-3.868006
-3.861527
-3.854895
-3.848111
-3.841175
-3.834087
-3.826848
-3.819458
-3.811917
-3.804226
-3.796385
-3.788393
-3.780252
-3.771962
-3.763523
-3.754935
-3.746200
-3.737316
-3.728284
-3.719106
-3.709781
-3.700309
-3.690691
-3.680927
-3.671019
-3.660965
-3.650766
-3.640424
-3.629938
-3.619308
-3.608536
-3.597621
-3.586564
-3.575366
-3.564026
-3.552546
-3.540925
-3.529165
-3.517265
-3.505227
-3.493050
-3.480735
-3.468283
-3.455694
-3.442968
-3.430107
-3.417110
-3.403978
-3.390712
-3.377312
-3.363778
-3.350112
-3.336314
-3.322384
-3.308322
-3.294130
-3.279808
-3.265357
-3.250777
-3.236068
-3.221232
-3.206268
-3.191178
-3.175962
-3.160620
-3.145154
-3.129563
-3.113849
-3.098012
-3.082053
-3.065972
-3.049770
-3.033448
-3.017006
-3.000444
-2.983765
-2.966967
-2.950052
-2.933021
-2.915875
-2.898613
-2.881236
-2.863746
-2.846143
-2.828427
-2.810600
-2.792662
-2.774613
-2.756455
-2.738188
-2.719814
-2.701331
-2.682742
-2.664047
-2.645247
-2.626343
-2.607335
-2.588224
-2.569011
-2.549696
-2.530281
-2.510765
-2.491151
-2.471438
-2.451628
-2.431721
-2.411718
-2.391620
-2.371427
-2.351141
-2.330762
-2.310291
-2.289729
-2.269076
-2.248334
-2.227502
-2.206583
-2.185577
-2.164485
-2.143307
-2.122045
-2.100699
-2.079269
-2.057758
-2.036166
-2.014493
-1.992740
-1.970909
-1.949001
-1.927015
-1.904953
-1.882816
-1.860604
-1.838319
-1.815962
-1.793533
-1.771033
-1.748463
-1.725824
-1.703117
-1.680343
-1.657502
-1.634596
-1.611626
-1.588592
-1.565495
-1.542336
-1.519116
-1.495837
-1.472498
-1.449101
-1.425648
-1.402137
-1.378572
-1.354952
-1.331278
-1.307552
-1.283774
-1.259946
-1.236068
-1.212141
-1.188166
-1.164145
-1.140077
-1.115964
-1.091808
-1.067608
-1.043366
-1.019083
-0.994760
-0.970397
-0.945996
-0.921558
-0.897083
-0.872573
-0.848028
-0.823450
-0.798840
-0.774198
-0.749525
-0.724823
-0.700092
-0.675334
-0.650549
-0.625738
-0.600902
-0.576043
-0.551161
-0.526257
-0.501333
-0.476389
-0.451426
-0.426445
-0.401447
-0.376433
-0.351405
-0.326362
-0.301307
-0.276240
-0.251162
-0.226074
-0.200977
-0.175872
-0.150761
-0.125643
-0.100520
-0.075394
-0.050264
-0.025133
